Build Timestamp (UTC)	Build	Job	Job URL	Build Trigger	Allow Job Failure	PR#	Branch	Commit	Commit Range	Commit Message	Sketch Filename	Board ID	IDE Version	Program Storage (bytes)	Dynamic Memory (bytes)	# Warnings	Allow Failure	Exit Status	# Board Issues	Board Issue	# Library Issues	Library Issue
2020-05-23 22:27:50	141	141.7	https://travis-ci.org/MCUdude/MegaCore/jobs/690460792	push		false	master	f211aad36f24c36739513055ce3b66ea42f6a9cb	5455918d82d1...f211aad36f24	Implement PROGMEM1, PROGMEM2 and PROGMEM3	/home/travis/Arduino/hardware/MegaCore/avr/libraries/Ethernet/examples/UDPSendReceiveString/UDPSendReceiveString.ino	MegaCore:avr:2560:bootloader=no_bootloader,pinout=mega_pinout,BOD=2v7,LTO=Os,clock=8MHz_external	1.6.7	12206	643	0	false	0	0		0	
2020-05-23 22:27:56	141	141.7	https://travis-ci.org/MCUdude/MegaCore/jobs/690460792	push		false	master	f211aad36f24c36739513055ce3b66ea42f6a9cb	5455918d82d1...f211aad36f24	Implement PROGMEM1, PROGMEM2 and PROGMEM3	/home/travis/Arduino/hardware/MegaCore/avr/libraries/Ethernet/examples/TwitterClient/TwitterClient.ino	MegaCore:avr:2560:bootloader=no_bootloader,pinout=mega_pinout,BOD=2v7,LTO=Os,clock=8MHz_external	1.6.7	19300	912	0	false	0	0		0	
2020-05-23 22:28:15	141	141.7	https://travis-ci.org/MCUdude/MegaCore/jobs/690460792	push		false	master	f211aad36f24c36739513055ce3b66ea42f6a9cb	5455918d82d1...f211aad36f24	Implement PROGMEM1, PROGMEM2 and PROGMEM3	/home/travis/Arduino/hardware/MegaCore/avr/libraries/Ethernet/examples/WebClientRepeating/WebClientRepeating.ino	MegaCore:avr:2560:bootloader=no_bootloader,pinout=mega_pinout,BOD=2v7,LTO=Os,clock=8MHz_external	1.6.7	17682	957	0	false	0	0		0	
2020-05-23 22:28:20	141	141.7	https://travis-ci.org/MCUdude/MegaCore/jobs/690460792	push		false	master	f211aad36f24c36739513055ce3b66ea42f6a9cb	5455918d82d1...f211aad36f24	Implement PROGMEM1, PROGMEM2 and PROGMEM3	/home/travis/Arduino/hardware/MegaCore/avr/libraries/Ethernet/examples/UdpNtpClient/UdpNtpClient.ino	MegaCore:avr:2560:bootloader=no_bootloader,pinout=mega_pinout,BOD=2v7,LTO=Os,clock=8MHz_external	1.6.7	15450	823	0	false	0	0		0	
2020-05-23 22:28:26	141	141.7	https://travis-ci.org/MCUdude/MegaCore/jobs/690460792	push		false	master	f211aad36f24c36739513055ce3b66ea42f6a9cb	5455918d82d1...f211aad36f24	Implement PROGMEM1, PROGMEM2 and PROGMEM3	/home/travis/Arduino/hardware/MegaCore/avr/libraries/Ethernet/examples/WebClient/WebClient.ino	MegaCore:avr:2560:bootloader=no_bootloader,pinout=mega_pinout,BOD=2v7,LTO=Os,clock=8MHz_external	1.6.7	19636	1007	0	false	0	0		0	
2020-05-23 22:28:31	141	141.7	https://travis-ci.org/MCUdude/MegaCore/jobs/690460792	push		false	master	f211aad36f24c36739513055ce3b66ea42f6a9cb	5455918d82d1...f211aad36f24	Implement PROGMEM1, PROGMEM2 and PROGMEM3	/home/travis/Arduino/hardware/MegaCore/avr/libraries/Ethernet/examples/ChatServer/ChatServer.ino	MegaCore:avr:2560:bootloader=no_bootloader,pinout=mega_pinout,BOD=2v7,LTO=Os,clock=8MHz_external	1.6.7	14496	673	0	false	0	0		0	
2020-05-23 22:28:37	141	141.7	https://travis-ci.org/MCUdude/MegaCore/jobs/690460792	push		false	master	f211aad36f24c36739513055ce3b66ea42f6a9cb	5455918d82d1...f211aad36f24	Implement PROGMEM1, PROGMEM2 and PROGMEM3	/home/travis/Arduino/hardware/MegaCore/avr/libraries/Ethernet/examples/DhcpAddressPrinter/DhcpAddressPrinter.ino	MegaCore:avr:2560:bootloader=no_bootloader,pinout=mega_pinout,BOD=2v7,LTO=Os,clock=8MHz_external	1.6.7	15150	790	0	false	0	0		0	
2020-05-23 22:28:42	141	141.7	https://travis-ci.org/MCUdude/MegaCore/jobs/690460792	push		false	master	f211aad36f24c36739513055ce3b66ea42f6a9cb	5455918d82d1...f211aad36f24	Implement PROGMEM1, PROGMEM2 and PROGMEM3	/home/travis/Arduino/hardware/MegaCore/avr/libraries/Ethernet/examples/XivelyClient/XivelyClient.ino	MegaCore:avr:2560:bootloader=no_bootloader,pinout=mega_pinout,BOD=2v7,LTO=Os,clock=8MHz_external	1.6.7	18008	872	0	false	0	0		0	
2020-05-23 22:28:47	141	141.7	https://travis-ci.org/MCUdude/MegaCore/jobs/690460792	push		false	master	f211aad36f24c36739513055ce3b66ea42f6a9cb	5455918d82d1...f211aad36f24	Implement PROGMEM1, PROGMEM2 and PROGMEM3	/home/travis/Arduino/hardware/MegaCore/avr/libraries/Ethernet/examples/XivelyClientString/XivelyClientString.ino	MegaCore:avr:2560:bootloader=no_bootloader,pinout=mega_pinout,BOD=2v7,LTO=Os,clock=8MHz_external	1.6.7	19746	892	0	false	0	0		0	
2020-05-23 22:28:53	141	141.7	https://travis-ci.org/MCUdude/MegaCore/jobs/690460792	push		false	master	f211aad36f24c36739513055ce3b66ea42f6a9cb	5455918d82d1...f211aad36f24	Implement PROGMEM1, PROGMEM2 and PROGMEM3	/home/travis/Arduino/hardware/MegaCore/avr/libraries/Ethernet/examples/LinkStatus/LinkStatus.ino	MegaCore:avr:2560:bootloader=no_bootloader,pinout=mega_pinout,BOD=2v7,LTO=Os,clock=8MHz_external	1.6.7	5312	316	0	false	0	0		0	
2020-05-23 22:28:58	141	141.7	https://travis-ci.org/MCUdude/MegaCore/jobs/690460792	push		false	master	f211aad36f24c36739513055ce3b66ea42f6a9cb	5455918d82d1...f211aad36f24	Implement PROGMEM1, PROGMEM2 and PROGMEM3	/home/travis/Arduino/hardware/MegaCore/avr/libraries/Ethernet/examples/BarometricPressureWebServer/BarometricPressureWebServer.ino	MegaCore:avr:2560:bootloader=no_bootloader,pinout=mega_pinout,BOD=2v7,LTO=Os,clock=8MHz_external	1.6.7	18880	734	2	false	0	0		0	
2020-05-23 22:29:04	141	141.7	https://travis-ci.org/MCUdude/MegaCore/jobs/690460792	push		false	master	f211aad36f24c36739513055ce3b66ea42f6a9cb	5455918d82d1...f211aad36f24	Implement PROGMEM1, PROGMEM2 and PROGMEM3	/home/travis/Arduino/hardware/MegaCore/avr/libraries/Ethernet/examples/DhcpChatServer/DhcpChatServer.ino	MegaCore:avr:2560:bootloader=no_bootloader,pinout=mega_pinout,BOD=2v7,LTO=Os,clock=8MHz_external	1.6.7	18498	857	0	false	0	0		0	
2020-05-23 22:29:09	141	141.7	https://travis-ci.org/MCUdude/MegaCore/jobs/690460792	push		false	master	f211aad36f24c36739513055ce3b66ea42f6a9cb	5455918d82d1...f211aad36f24	Implement PROGMEM1, PROGMEM2 and PROGMEM3	/home/travis/Arduino/hardware/MegaCore/avr/libraries/Ethernet/examples/WebServer/WebServer.ino	MegaCore:avr:2560:bootloader=no_bootloader,pinout=mega_pinout,BOD=2v7,LTO=Os,clock=8MHz_external	1.6.7	15480	796	0	false	0	0		0	
2020-05-23 22:29:15	141	141.7	https://travis-ci.org/MCUdude/MegaCore/jobs/690460792	push		false	master	f211aad36f24c36739513055ce3b66ea42f6a9cb	5455918d82d1...f211aad36f24	Implement PROGMEM1, PROGMEM2 and PROGMEM3	/home/travis/Arduino/hardware/MegaCore/avr/libraries/Ethernet/examples/TelnetClient/TelnetClient.ino	MegaCore:avr:2560:bootloader=no_bootloader,pinout=mega_pinout,BOD=2v7,LTO=Os,clock=8MHz_external	1.6.7	14022	653	0	false	0	0		0	
2020-05-23 22:29:20	141	141.7	https://travis-ci.org/MCUdude/MegaCore/jobs/690460792	push		false	master	f211aad36f24c36739513055ce3b66ea42f6a9cb	5455918d82d1...f211aad36f24	Implement PROGMEM1, PROGMEM2 and PROGMEM3	/home/travis/Arduino/hardware/MegaCore/avr/libraries/Ethernet/examples/PachubeClient/PachubeClient.ino	MegaCore:avr:2560:bootloader=no_bootloader,pinout=mega_pinout,BOD=2v7,LTO=Os,clock=8MHz_external	1.6.7	18010	874	0	false	0	0		0	
2020-05-23 22:29:26	141	141.7	https://travis-ci.org/MCUdude/MegaCore/jobs/690460792	push		false	master	f211aad36f24c36739513055ce3b66ea42f6a9cb	5455918d82d1...f211aad36f24	Implement PROGMEM1, PROGMEM2 and PROGMEM3	/home/travis/Arduino/hardware/MegaCore/avr/libraries/Ethernet/examples/PachubeClientString/PachubeClientString.ino	MegaCore:avr:2560:bootloader=no_bootloader,pinout=mega_pinout,BOD=2v7,LTO=Os,clock=8MHz_external	1.6.7	19748	894	0	false	0	0		0	
2020-05-23 22:29:31	141	141.7	https://travis-ci.org/MCUdude/MegaCore/jobs/690460792	push		false	master	f211aad36f24c36739513055ce3b66ea42f6a9cb	5455918d82d1...f211aad36f24	Implement PROGMEM1, PROGMEM2 and PROGMEM3	/home/travis/Arduino/hardware/MegaCore/avr/libraries/Ethernet/examples/AdvancedChatServer/AdvancedChatServer.ino	MegaCore:avr:2560:bootloader=no_bootloader,pinout=mega_pinout,BOD=2v7,LTO=Os,clock=8MHz_external	1.6.7	15316	822	0	false	0	0		0	
2020-05-23 22:29:36	141	141.7	https://travis-ci.org/MCUdude/MegaCore/jobs/690460792	push		false	master	f211aad36f24c36739513055ce3b66ea42f6a9cb	5455918d82d1...f211aad36f24	Implement PROGMEM1, PROGMEM2 and PROGMEM3	/home/travis/Arduino/hardware/MegaCore/avr/libraries/AVR_examples/examples/Blink_using_Timer0/Blink_using_Timer0.ino	MegaCore:avr:2560:bootloader=no_bootloader,pinout=mega_pinout,BOD=2v7,LTO=Os,clock=8MHz_external	1.6.7	364	3	0	false	0	0		0	
2020-05-23 22:29:40	141	141.7	https://travis-ci.org/MCUdude/MegaCore/jobs/690460792	push		false	master	f211aad36f24c36739513055ce3b66ea42f6a9cb	5455918d82d1...f211aad36f24	Implement PROGMEM1, PROGMEM2 and PROGMEM3	/home/travis/Arduino/hardware/MegaCore/avr/libraries/AVR_examples/examples/Read_port_write_port/Read_port_write_port.ino	MegaCore:avr:2560:bootloader=no_bootloader,pinout=mega_pinout,BOD=2v7,LTO=Os,clock=8MHz_external	1.6.7	266	0	0	false	0	0		0	
2020-05-23 22:29:44	141	141.7	https://travis-ci.org/MCUdude/MegaCore/jobs/690460792	push		false	master	f211aad36f24c36739513055ce3b66ea42f6a9cb	5455918d82d1...f211aad36f24	Implement PROGMEM1, PROGMEM2 and PROGMEM3	/home/travis/Arduino/hardware/MegaCore/avr/libraries/AVR_examples/examples/Measure_period_length/Measure_period_length.ino	MegaCore:avr:2560:bootloader=no_bootloader,pinout=mega_pinout,BOD=2v7,LTO=Os,clock=8MHz_external	1.6.7	2024	202	0	false	0	0		0	
2020-05-23 22:29:48	141	141.7	https://travis-ci.org/MCUdude/MegaCore/jobs/690460792	push		false	master	f211aad36f24c36739513055ce3b66ea42f6a9cb	5455918d82d1...f211aad36f24	Implement PROGMEM1, PROGMEM2 and PROGMEM3	/home/travis/Arduino/hardware/MegaCore/avr/libraries/AVR_examples/examples/Watch_dog_timer/Watch_dog_timer.ino	MegaCore:avr:2560:bootloader=no_bootloader,pinout=mega_pinout,BOD=2v7,LTO=Os,clock=8MHz_external	1.6.7	358	2	0	false	0	0		0	
2020-05-23 22:29:53	141	141.7	https://travis-ci.org/MCUdude/MegaCore/jobs/690460792	push		false	master	f211aad36f24c36739513055ce3b66ea42f6a9cb	5455918d82d1...f211aad36f24	Implement PROGMEM1, PROGMEM2 and PROGMEM3	/home/travis/Arduino/hardware/MegaCore/avr/libraries/AVR_examples/examples/Blink/Blink.ino	MegaCore:avr:2560:bootloader=no_bootloader,pinout=mega_pinout,BOD=2v7,LTO=Os,clock=8MHz_external	1.6.7	298	0	0	false	0	0		0	
2020-05-23 22:29:58	141	141.7	https://travis-ci.org/MCUdude/MegaCore/jobs/690460792	push		false	master	f211aad36f24c36739513055ce3b66ea42f6a9cb	5455918d82d1...f211aad36f24	Implement PROGMEM1, PROGMEM2 and PROGMEM3	/home/travis/Arduino/hardware/MegaCore/avr/libraries/SD/examples/Datalogger/Datalogger.ino	MegaCore:avr:2560:bootloader=no_bootloader,pinout=mega_pinout,BOD=2v7,LTO=Os,clock=8MHz_external	1.6.7	14354	945	5	false	0	0		0	
2020-05-23 22:30:03	141	141.7	https://travis-ci.org/MCUdude/MegaCore/jobs/690460792	push		false	master	f211aad36f24c36739513055ce3b66ea42f6a9cb	5455918d82d1...f211aad36f24	Implement PROGMEM1, PROGMEM2 and PROGMEM3	/home/travis/Arduino/hardware/MegaCore/avr/libraries/SD/examples/CardInfo/CardInfo.ino	MegaCore:avr:2560:bootloader=no_bootloader,pinout=mega_pinout,BOD=2v7,LTO=Os,clock=8MHz_external	1.6.7	11928	1370	5	false	0	0		0	
2020-05-23 22:30:09	141	141.7	https://travis-ci.org/MCUdude/MegaCore/jobs/690460792	push		false	master	f211aad36f24c36739513055ce3b66ea42f6a9cb	5455918d82d1...f211aad36f24	Implement PROGMEM1, PROGMEM2 and PROGMEM3	/home/travis/Arduino/hardware/MegaCore/avr/libraries/SD/examples/ReadWrite/ReadWrite.ino	MegaCore:avr:2560:bootloader=no_bootloader,pinout=mega_pinout,BOD=2v7,LTO=Os,clock=8MHz_external	1.6.7	13330	1014	5	false	0	0		0	
2020-05-23 22:30:14	141	141.7	https://travis-ci.org/MCUdude/MegaCore/jobs/690460792	push		false	master	f211aad36f24c36739513055ce3b66ea42f6a9cb	5455918d82d1...f211aad36f24	Implement PROGMEM1, PROGMEM2 and PROGMEM3	/home/travis/Arduino/hardware/MegaCore/avr/libraries/SD/examples/listfiles/listfiles.ino	MegaCore:avr:2560:bootloader=no_bootloader,pinout=mega_pinout,BOD=2v7,LTO=Os,clock=8MHz_external	1.6.7	14046	950	5	false	0	0		0	
2020-05-23 22:30:19	141	141.7	https://travis-ci.org/MCUdude/MegaCore/jobs/690460792	push		false	master	f211aad36f24c36739513055ce3b66ea42f6a9cb	5455918d82d1...f211aad36f24	Implement PROGMEM1, PROGMEM2 and PROGMEM3	/home/travis/Arduino/hardware/MegaCore/avr/libraries/SD/examples/DumpFile/DumpFile.ino	MegaCore:avr:2560:bootloader=no_bootloader,pinout=mega_pinout,BOD=2v7,LTO=Os,clock=8MHz_external	1.6.7	13012	943	5	false	0	0		0	
2020-05-23 22:30:24	141	141.7	https://travis-ci.org/MCUdude/MegaCore/jobs/690460792	push		false	master	f211aad36f24c36739513055ce3b66ea42f6a9cb	5455918d82d1...f211aad36f24	Implement PROGMEM1, PROGMEM2 and PROGMEM3	/home/travis/Arduino/hardware/MegaCore/avr/libraries/SD/examples/Files/Files.ino	MegaCore:avr:2560:bootloader=no_bootloader,pinout=mega_pinout,BOD=2v7,LTO=Os,clock=8MHz_external	1.6.7	13912	1048	5	false	0	0		0	
2020-05-23 22:30:29	141	141.7	https://travis-ci.org/MCUdude/MegaCore/jobs/690460792	push		false	master	f211aad36f24c36739513055ce3b66ea42f6a9cb	5455918d82d1...f211aad36f24	Implement PROGMEM1, PROGMEM2 and PROGMEM3	/home/travis/Arduino/hardware/MegaCore/avr/libraries/SoftwareSerial/examples/SoftwareSerialExample/SoftwareSerialExample.ino	MegaCore:avr:2560:bootloader=no_bootloader,pinout=mega_pinout,BOD=2v7,LTO=Os,clock=8MHz_external	1.6.7	5818	363	0	false	0	0		0	
2020-05-23 22:30:33	141	141.7	https://travis-ci.org/MCUdude/MegaCore/jobs/690460792	push		false	master	f211aad36f24c36739513055ce3b66ea42f6a9cb	5455918d82d1...f211aad36f24	Implement PROGMEM1, PROGMEM2 and PROGMEM3	/home/travis/Arduino/hardware/MegaCore/avr/libraries/SoftwareSerial/examples/TwoPortReceive/TwoPortReceive.ino	MegaCore:avr:2560:bootloader=no_bootloader,pinout=mega_pinout,BOD=2v7,LTO=Os,clock=8MHz_external	1.6.7	5906	404	0	false	0	0		0	
2020-05-23 22:30:37	141	141.7	https://travis-ci.org/MCUdude/MegaCore/jobs/690460792	push		false	master	f211aad36f24c36739513055ce3b66ea42f6a9cb	5455918d82d1...f211aad36f24	Implement PROGMEM1, PROGMEM2 and PROGMEM3	/home/travis/Arduino/hardware/MegaCore/avr/libraries/Servo/examples/Knob/Knob.ino	MegaCore:avr:2560:bootloader=no_bootloader,pinout=mega_pinout,BOD=2v7,LTO=Os,clock=8MHz_external	1.6.7	3674	171	0	false	0	0		0	
2020-05-23 22:30:42	141	141.7	https://travis-ci.org/MCUdude/MegaCore/jobs/690460792	push		false	master	f211aad36f24c36739513055ce3b66ea42f6a9cb	5455918d82d1...f211aad36f24	Implement PROGMEM1, PROGMEM2 and PROGMEM3	/home/travis/Arduino/hardware/MegaCore/avr/libraries/Servo/examples/Sweep/Sweep.ino	MegaCore:avr:2560:bootloader=no_bootloader,pinout=mega_pinout,BOD=2v7,LTO=Os,clock=8MHz_external	1.6.7	3578	167	0	false	0	0		0	
2020-05-23 22:30:46	141	141.7	https://travis-ci.org/MCUdude/MegaCore/jobs/690460792	push		false	master	f211aad36f24c36739513055ce3b66ea42f6a9cb	5455918d82d1...f211aad36f24	Implement PROGMEM1, PROGMEM2 and PROGMEM3	/home/travis/Arduino/hardware/MegaCore/avr/libraries/EEPROM/examples/eeprom_get/eeprom_get.ino	MegaCore:avr:2560:bootloader=no_bootloader,pinout=mega_pinout,BOD=2v7,LTO=Os,clock=8MHz_external	1.6.7	4144	258	0	false	0	0		0	
2020-05-23 22:30:51	141	141.7	https://travis-ci.org/MCUdude/MegaCore/jobs/690460792	push		false	master	f211aad36f24c36739513055ce3b66ea42f6a9cb	5455918d82d1...f211aad36f24	Implement PROGMEM1, PROGMEM2 and PROGMEM3	/home/travis/Arduino/hardware/MegaCore/avr/libraries/EEPROM/examples/eeprom_crc/eeprom_crc.ino	MegaCore:avr:2560:bootloader=no_bootloader,pinout=mega_pinout,BOD=2v7,LTO=Os,clock=8MHz_external	1.6.7	2794	312	0	false	0	0		0	
2020-05-23 22:30:55	141	141.7	https://travis-ci.org/MCUdude/MegaCore/jobs/690460792	push		false	master	f211aad36f24c36739513055ce3b66ea42f6a9cb	5455918d82d1...f211aad36f24	Implement PROGMEM1, PROGMEM2 and PROGMEM3	/home/travis/Arduino/hardware/MegaCore/avr/libraries/EEPROM/examples/eeprom_read/eeprom_read.ino	MegaCore:avr:2560:bootloader=no_bootloader,pinout=mega_pinout,BOD=2v7,LTO=Os,clock=8MHz_external	1.6.7	2560	205	0	false	0	0		0	
2020-05-23 22:30:59	141	141.7	https://travis-ci.org/MCUdude/MegaCore/jobs/690460792	push		false	master	f211aad36f24c36739513055ce3b66ea42f6a9cb	5455918d82d1...f211aad36f24	Implement PROGMEM1, PROGMEM2 and PROGMEM3	/home/travis/Arduino/hardware/MegaCore/avr/libraries/EEPROM/examples/eeprom_clear/eeprom_clear.ino	MegaCore:avr:2560:bootloader=no_bootloader,pinout=mega_pinout,BOD=2v7,LTO=Os,clock=8MHz_external	1.6.7	1306	9	0	false	0	0		0	
2020-05-23 22:31:04	141	141.7	https://travis-ci.org/MCUdude/MegaCore/jobs/690460792	push		false	master	f211aad36f24c36739513055ce3b66ea42f6a9cb	5455918d82d1...f211aad36f24	Implement PROGMEM1, PROGMEM2 and PROGMEM3	/home/travis/Arduino/hardware/MegaCore/avr/libraries/EEPROM/examples/eeprom_write/eeprom_write.ino	MegaCore:avr:2560:bootloader=no_bootloader,pinout=mega_pinout,BOD=2v7,LTO=Os,clock=8MHz_external	1.6.7	1034	13	0	false	0	0		0	
2020-05-23 22:31:08	141	141.7	https://travis-ci.org/MCUdude/MegaCore/jobs/690460792	push		false	master	f211aad36f24c36739513055ce3b66ea42f6a9cb	5455918d82d1...f211aad36f24	Implement PROGMEM1, PROGMEM2 and PROGMEM3	/home/travis/Arduino/hardware/MegaCore/avr/libraries/EEPROM/examples/eeprom_iteration/eeprom_iteration.ino	MegaCore:avr:2560:bootloader=no_bootloader,pinout=mega_pinout,BOD=2v7,LTO=Os,clock=8MHz_external	1.6.7	856	9	0	false	0	0		0	
2020-05-23 22:31:13	141	141.7	https://travis-ci.org/MCUdude/MegaCore/jobs/690460792	push		false	master	f211aad36f24c36739513055ce3b66ea42f6a9cb	5455918d82d1...f211aad36f24	Implement PROGMEM1, PROGMEM2 and PROGMEM3	/home/travis/Arduino/hardware/MegaCore/avr/libraries/EEPROM/examples/eeprom_update/eeprom_update.ino	MegaCore:avr:2560:bootloader=no_bootloader,pinout=mega_pinout,BOD=2v7,LTO=Os,clock=8MHz_external	1.6.7	1082	13	0	false	0	0		0	
2020-05-23 22:31:17	141	141.7	https://travis-ci.org/MCUdude/MegaCore/jobs/690460792	push		false	master	f211aad36f24c36739513055ce3b66ea42f6a9cb	5455918d82d1...f211aad36f24	Implement PROGMEM1, PROGMEM2 and PROGMEM3	/home/travis/Arduino/hardware/MegaCore/avr/libraries/EEPROM/examples/eeprom_put/eeprom_put.ino	MegaCore:avr:2560:bootloader=no_bootloader,pinout=mega_pinout,BOD=2v7,LTO=Os,clock=8MHz_external	1.6.7	2508	342	0	false	0	0		0	
2020-05-23 22:31:21	141	141.7	https://travis-ci.org/MCUdude/MegaCore/jobs/690460792	push		false	master	f211aad36f24c36739513055ce3b66ea42f6a9cb	5455918d82d1...f211aad36f24	Implement PROGMEM1, PROGMEM2 and PROGMEM3	/home/travis/Arduino/hardware/MegaCore/avr/libraries/Optiboot_flasher/examples/SerialReadWrite/SerialReadWrite.ino	MegaCore:avr:2560:bootloader=no_bootloader,pinout=mega_pinout,BOD=2v7,LTO=Os,clock=8MHz_external	1.6.7	7946	467	0	false	0	0		0	
2020-05-23 22:31:26	141	141.7	https://travis-ci.org/MCUdude/MegaCore/jobs/690460792	push		false	master	f211aad36f24c36739513055ce3b66ea42f6a9cb	5455918d82d1...f211aad36f24	Implement PROGMEM1, PROGMEM2 and PROGMEM3	/home/travis/Arduino/hardware/MegaCore/avr/libraries/Timer/examples/Events/Events.ino	MegaCore:avr:2560:bootloader=no_bootloader,pinout=mega_pinout,BOD=2v7,LTO=Os,clock=8MHz_external	1.6.7	4462	552	0	false	0	0		0	
2020-05-23 22:31:31	141	141.7	https://travis-ci.org/MCUdude/MegaCore/jobs/690460792	push		false	master	f211aad36f24c36739513055ce3b66ea42f6a9cb	5455918d82d1...f211aad36f24	Implement PROGMEM1, PROGMEM2 and PROGMEM3	/home/travis/Arduino/hardware/MegaCore/avr/libraries/Timer/examples/Pin_high_10_minutes/Pin_high_10_minutes.ino	MegaCore:avr:2560:bootloader=no_bootloader,pinout=mega_pinout,BOD=2v7,LTO=Os,clock=8MHz_external	1.6.7	2002	205	1	false	0	0		0	
2020-05-23 22:31:35	141	141.7	https://travis-ci.org/MCUdude/MegaCore/jobs/690460792	push		false	master	f211aad36f24c36739513055ce3b66ea42f6a9cb	5455918d82d1...f211aad36f24	Implement PROGMEM1, PROGMEM2 and PROGMEM3	/home/travis/Arduino/hardware/MegaCore/avr/libraries/Timer/examples/Multitasking/Multitasking.ino	MegaCore:avr:2560:bootloader=no_bootloader,pinout=mega_pinout,BOD=2v7,LTO=Os,clock=8MHz_external	1.6.7	4018	456	1	false	0	0		0	
2020-05-23 22:31:40	141	141.7	https://travis-ci.org/MCUdude/MegaCore/jobs/690460792	push		false	master	f211aad36f24c36739513055ce3b66ea42f6a9cb	5455918d82d1...f211aad36f24	Implement PROGMEM1, PROGMEM2 and PROGMEM3	/home/travis/Arduino/hardware/MegaCore/avr/libraries/Timer/examples/TimerTest/TimerTest.ino	MegaCore:avr:2560:bootloader=no_bootloader,pinout=mega_pinout,BOD=2v7,LTO=Os,clock=8MHz_external	1.6.7	1968	203	0	false	0	0		0	
2020-05-23 22:31:44	141	141.7	https://travis-ci.org/MCUdude/MegaCore/jobs/690460792	push		false	master	f211aad36f24c36739513055ce3b66ea42f6a9cb	5455918d82d1...f211aad36f24	Implement PROGMEM1, PROGMEM2 and PROGMEM3	/home/travis/Arduino/hardware/MegaCore/avr/libraries/SPI/examples/BarometricPressureSensor/BarometricPressureSensor.ino	MegaCore:avr:2560:bootloader=no_bootloader,pinout=mega_pinout,BOD=2v7,LTO=Os,clock=8MHz_external	1.6.7	7118	237	1	false	0	0		0	
2020-05-23 22:31:49	141	141.7	https://travis-ci.org/MCUdude/MegaCore/jobs/690460792	push		false	master	f211aad36f24c36739513055ce3b66ea42f6a9cb	5455918d82d1...f211aad36f24	Implement PROGMEM1, PROGMEM2 and PROGMEM3	/home/travis/Arduino/hardware/MegaCore/avr/libraries/SPI/examples/DigitalPotControl/DigitalPotControl.ino	MegaCore:avr:2560:bootloader=no_bootloader,pinout=mega_pinout,BOD=2v7,LTO=Os,clock=8MHz_external	1.6.7	1814	10	0	false	0	0		0	
2020-05-23 22:31:53	141	141.7	https://travis-ci.org/MCUdude/MegaCore/jobs/690460792	push		false	master	f211aad36f24c36739513055ce3b66ea42f6a9cb	5455918d82d1...f211aad36f24	Implement PROGMEM1, PROGMEM2 and PROGMEM3	/home/travis/Arduino/hardware/MegaCore/avr/libraries/Wire/examples/i2c_scanner/i2c_scanner.ino	MegaCore:avr:2560:bootloader=no_bootloader,pinout=mega_pinout,BOD=2v7,LTO=Os,clock=8MHz_external	1.6.7	4886	532	2	false	0	0		0	
2020-05-23 22:31:58	141	141.7	https://travis-ci.org/MCUdude/MegaCore/jobs/690460792	push		false	master	f211aad36f24c36739513055ce3b66ea42f6a9cb	5455918d82d1...f211aad36f24	Implement PROGMEM1, PROGMEM2 and PROGMEM3	/home/travis/Arduino/hardware/MegaCore/avr/libraries/Wire/examples/SFRRanger_reader/SFRRanger_reader.ino	MegaCore:avr:2560:bootloader=no_bootloader,pinout=mega_pinout,BOD=2v7,LTO=Os,clock=8MHz_external	1.6.7	5168	416	2	false	0	0		0	
2020-05-23 22:32:02	141	141.7	https://travis-ci.org/MCUdude/MegaCore/jobs/690460792	push		false	master	f211aad36f24c36739513055ce3b66ea42f6a9cb	5455918d82d1...f211aad36f24	Implement PROGMEM1, PROGMEM2 and PROGMEM3	/home/travis/Arduino/hardware/MegaCore/avr/libraries/Wire/examples/master_writer/master_writer.ino	MegaCore:avr:2560:bootloader=no_bootloader,pinout=mega_pinout,BOD=2v7,LTO=Os,clock=8MHz_external	1.6.7	3056	230	2	false	0	0		0	
2020-05-23 22:32:07	141	141.7	https://travis-ci.org/MCUdude/MegaCore/jobs/690460792	push		false	master	f211aad36f24c36739513055ce3b66ea42f6a9cb	5455918d82d1...f211aad36f24	Implement PROGMEM1, PROGMEM2 and PROGMEM3	/home/travis/Arduino/hardware/MegaCore/avr/libraries/Wire/examples/digital_potentiometer/digital_potentiometer.ino	MegaCore:avr:2560:bootloader=no_bootloader,pinout=mega_pinout,BOD=2v7,LTO=Os,clock=8MHz_external	1.6.7	3040	224	2	false	0	0		0	
2020-05-23 22:32:11	141	141.7	https://travis-ci.org/MCUdude/MegaCore/jobs/690460792	push		false	master	f211aad36f24c36739513055ce3b66ea42f6a9cb	5455918d82d1...f211aad36f24	Implement PROGMEM1, PROGMEM2 and PROGMEM3	/home/travis/Arduino/hardware/MegaCore/avr/libraries/Wire/examples/slave_receiver/slave_receiver.ino	MegaCore:avr:2560:bootloader=no_bootloader,pinout=mega_pinout,BOD=2v7,LTO=Os,clock=8MHz_external	1.6.7	4550	413	3	false	0	0		0	
2020-05-23 22:32:16	141	141.7	https://travis-ci.org/MCUdude/MegaCore/jobs/690460792	push		false	master	f211aad36f24c36739513055ce3b66ea42f6a9cb	5455918d82d1...f211aad36f24	Implement PROGMEM1, PROGMEM2 and PROGMEM3	/home/travis/Arduino/hardware/MegaCore/avr/libraries/Wire/examples/master_reader/master_reader.ino	MegaCore:avr:2560:bootloader=no_bootloader,pinout=mega_pinout,BOD=2v7,LTO=Os,clock=8MHz_external	1.6.7	4644	398	2	false	0	0		0	
2020-05-23 22:32:20	141	141.7	https://travis-ci.org/MCUdude/MegaCore/jobs/690460792	push		false	master	f211aad36f24c36739513055ce3b66ea42f6a9cb	5455918d82d1...f211aad36f24	Implement PROGMEM1, PROGMEM2 and PROGMEM3	/home/travis/Arduino/hardware/MegaCore/avr/libraries/Wire/examples/slave_sender/slave_sender.ino	MegaCore:avr:2560:bootloader=no_bootloader,pinout=mega_pinout,BOD=2v7,LTO=Os,clock=8MHz_external	1.6.7	2846	230	2	false	0	0		0	
2020-05-23 22:32:28	141	141.7	https://travis-ci.org/MCUdude/MegaCore/jobs/690460792	push		false	master	f211aad36f24c36739513055ce3b66ea42f6a9cb	5455918d82d1...f211aad36f24	Implement PROGMEM1, PROGMEM2 and PROGMEM3	/home/travis/Arduino/hardware/MegaCore/avr/libraries/Ethernet/examples/UDPSendReceiveString/UDPSendReceiveString.ino	MegaCore:avr:2560:bootloader=no_bootloader,pinout=mega_pinout,BOD=2v7,LTO=Os,clock=8MHz_external	1.6.9	12206	643	0	false	0	0		0	
2020-05-23 22:32:34	141	141.7	https://travis-ci.org/MCUdude/MegaCore/jobs/690460792	push		false	master	f211aad36f24c36739513055ce3b66ea42f6a9cb	5455918d82d1...f211aad36f24	Implement PROGMEM1, PROGMEM2 and PROGMEM3	/home/travis/Arduino/hardware/MegaCore/avr/libraries/Ethernet/examples/TwitterClient/TwitterClient.ino	MegaCore:avr:2560:bootloader=no_bootloader,pinout=mega_pinout,BOD=2v7,LTO=Os,clock=8MHz_external	1.6.9	19300	912	0	false	0	0		0	
2020-05-23 22:32:39	141	141.7	https://travis-ci.org/MCUdude/MegaCore/jobs/690460792	push		false	master	f211aad36f24c36739513055ce3b66ea42f6a9cb	5455918d82d1...f211aad36f24	Implement PROGMEM1, PROGMEM2 and PROGMEM3	/home/travis/Arduino/hardware/MegaCore/avr/libraries/Ethernet/examples/WebClientRepeating/WebClientRepeating.ino	MegaCore:avr:2560:bootloader=no_bootloader,pinout=mega_pinout,BOD=2v7,LTO=Os,clock=8MHz_external	1.6.9	17682	957	0	false	0	0		0	
2020-05-23 22:32:45	141	141.7	https://travis-ci.org/MCUdude/MegaCore/jobs/690460792	push		false	master	f211aad36f24c36739513055ce3b66ea42f6a9cb	5455918d82d1...f211aad36f24	Implement PROGMEM1, PROGMEM2 and PROGMEM3	/home/travis/Arduino/hardware/MegaCore/avr/libraries/Ethernet/examples/UdpNtpClient/UdpNtpClient.ino	MegaCore:avr:2560:bootloader=no_bootloader,pinout=mega_pinout,BOD=2v7,LTO=Os,clock=8MHz_external	1.6.9	15450	823	0	false	0	0		0	
2020-05-23 22:32:50	141	141.7	https://travis-ci.org/MCUdude/MegaCore/jobs/690460792	push		false	master	f211aad36f24c36739513055ce3b66ea42f6a9cb	5455918d82d1...f211aad36f24	Implement PROGMEM1, PROGMEM2 and PROGMEM3	/home/travis/Arduino/hardware/MegaCore/avr/libraries/Ethernet/examples/WebClient/WebClient.ino	MegaCore:avr:2560:bootloader=no_bootloader,pinout=mega_pinout,BOD=2v7,LTO=Os,clock=8MHz_external	1.6.9	19636	1007	0	false	0	0		0	
2020-05-23 22:32:56	141	141.7	https://travis-ci.org/MCUdude/MegaCore/jobs/690460792	push		false	master	f211aad36f24c36739513055ce3b66ea42f6a9cb	5455918d82d1...f211aad36f24	Implement PROGMEM1, PROGMEM2 and PROGMEM3	/home/travis/Arduino/hardware/MegaCore/avr/libraries/Ethernet/examples/ChatServer/ChatServer.ino	MegaCore:avr:2560:bootloader=no_bootloader,pinout=mega_pinout,BOD=2v7,LTO=Os,clock=8MHz_external	1.6.9	14496	673	0	false	0	0		0	
2020-05-23 22:33:02	141	141.7	https://travis-ci.org/MCUdude/MegaCore/jobs/690460792	push		false	master	f211aad36f24c36739513055ce3b66ea42f6a9cb	5455918d82d1...f211aad36f24	Implement PROGMEM1, PROGMEM2 and PROGMEM3	/home/travis/Arduino/hardware/MegaCore/avr/libraries/Ethernet/examples/DhcpAddressPrinter/DhcpAddressPrinter.ino	MegaCore:avr:2560:bootloader=no_bootloader,pinout=mega_pinout,BOD=2v7,LTO=Os,clock=8MHz_external	1.6.9	15150	790	0	false	0	0		0	
2020-05-23 22:33:07	141	141.7	https://travis-ci.org/MCUdude/MegaCore/jobs/690460792	push		false	master	f211aad36f24c36739513055ce3b66ea42f6a9cb	5455918d82d1...f211aad36f24	Implement PROGMEM1, PROGMEM2 and PROGMEM3	/home/travis/Arduino/hardware/MegaCore/avr/libraries/Ethernet/examples/XivelyClient/XivelyClient.ino	MegaCore:avr:2560:bootloader=no_bootloader,pinout=mega_pinout,BOD=2v7,LTO=Os,clock=8MHz_external	1.6.9	18008	872	0	false	0	0		0	
2020-05-23 22:33:13	141	141.7	https://travis-ci.org/MCUdude/MegaCore/jobs/690460792	push		false	master	f211aad36f24c36739513055ce3b66ea42f6a9cb	5455918d82d1...f211aad36f24	Implement PROGMEM1, PROGMEM2 and PROGMEM3	/home/travis/Arduino/hardware/MegaCore/avr/libraries/Ethernet/examples/XivelyClientString/XivelyClientString.ino	MegaCore:avr:2560:bootloader=no_bootloader,pinout=mega_pinout,BOD=2v7,LTO=Os,clock=8MHz_external	1.6.9	19746	892	0	false	0	0		0	
2020-05-23 22:33:18	141	141.7	https://travis-ci.org/MCUdude/MegaCore/jobs/690460792	push		false	master	f211aad36f24c36739513055ce3b66ea42f6a9cb	5455918d82d1...f211aad36f24	Implement PROGMEM1, PROGMEM2 and PROGMEM3	/home/travis/Arduino/hardware/MegaCore/avr/libraries/Ethernet/examples/LinkStatus/LinkStatus.ino	MegaCore:avr:2560:bootloader=no_bootloader,pinout=mega_pinout,BOD=2v7,LTO=Os,clock=8MHz_external	1.6.9	5312	316	0	false	0	0		0	
2020-05-23 22:33:24	141	141.7	https://travis-ci.org/MCUdude/MegaCore/jobs/690460792	push		false	master	f211aad36f24c36739513055ce3b66ea42f6a9cb	5455918d82d1...f211aad36f24	Implement PROGMEM1, PROGMEM2 and PROGMEM3	/home/travis/Arduino/hardware/MegaCore/avr/libraries/Ethernet/examples/BarometricPressureWebServer/BarometricPressureWebServer.ino	MegaCore:avr:2560:bootloader=no_bootloader,pinout=mega_pinout,BOD=2v7,LTO=Os,clock=8MHz_external	1.6.9	18880	734	2	false	0	0		0	
2020-05-23 22:33:30	141	141.7	https://travis-ci.org/MCUdude/MegaCore/jobs/690460792	push		false	master	f211aad36f24c36739513055ce3b66ea42f6a9cb	5455918d82d1...f211aad36f24	Implement PROGMEM1, PROGMEM2 and PROGMEM3	/home/travis/Arduino/hardware/MegaCore/avr/libraries/Ethernet/examples/DhcpChatServer/DhcpChatServer.ino	MegaCore:avr:2560:bootloader=no_bootloader,pinout=mega_pinout,BOD=2v7,LTO=Os,clock=8MHz_external	1.6.9	18498	857	0	false	0	0		0	
2020-05-23 22:33:35	141	141.7	https://travis-ci.org/MCUdude/MegaCore/jobs/690460792	push		false	master	f211aad36f24c36739513055ce3b66ea42f6a9cb	5455918d82d1...f211aad36f24	Implement PROGMEM1, PROGMEM2 and PROGMEM3	/home/travis/Arduino/hardware/MegaCore/avr/libraries/Ethernet/examples/WebServer/WebServer.ino	MegaCore:avr:2560:bootloader=no_bootloader,pinout=mega_pinout,BOD=2v7,LTO=Os,clock=8MHz_external	1.6.9	15480	796	0	false	0	0		0	
2020-05-23 22:33:41	141	141.7	https://travis-ci.org/MCUdude/MegaCore/jobs/690460792	push		false	master	f211aad36f24c36739513055ce3b66ea42f6a9cb	5455918d82d1...f211aad36f24	Implement PROGMEM1, PROGMEM2 and PROGMEM3	/home/travis/Arduino/hardware/MegaCore/avr/libraries/Ethernet/examples/TelnetClient/TelnetClient.ino	MegaCore:avr:2560:bootloader=no_bootloader,pinout=mega_pinout,BOD=2v7,LTO=Os,clock=8MHz_external	1.6.9	14022	653	0	false	0	0		0	
2020-05-23 22:33:46	141	141.7	https://travis-ci.org/MCUdude/MegaCore/jobs/690460792	push		false	master	f211aad36f24c36739513055ce3b66ea42f6a9cb	5455918d82d1...f211aad36f24	Implement PROGMEM1, PROGMEM2 and PROGMEM3	/home/travis/Arduino/hardware/MegaCore/avr/libraries/Ethernet/examples/PachubeClient/PachubeClient.ino	MegaCore:avr:2560:bootloader=no_bootloader,pinout=mega_pinout,BOD=2v7,LTO=Os,clock=8MHz_external	1.6.9	18010	874	0	false	0	0		0	
2020-05-23 22:33:52	141	141.7	https://travis-ci.org/MCUdude/MegaCore/jobs/690460792	push		false	master	f211aad36f24c36739513055ce3b66ea42f6a9cb	5455918d82d1...f211aad36f24	Implement PROGMEM1, PROGMEM2 and PROGMEM3	/home/travis/Arduino/hardware/MegaCore/avr/libraries/Ethernet/examples/PachubeClientString/PachubeClientString.ino	MegaCore:avr:2560:bootloader=no_bootloader,pinout=mega_pinout,BOD=2v7,LTO=Os,clock=8MHz_external	1.6.9	19748	894	0	false	0	0		0	
2020-05-23 22:33:58	141	141.7	https://travis-ci.org/MCUdude/MegaCore/jobs/690460792	push		false	master	f211aad36f24c36739513055ce3b66ea42f6a9cb	5455918d82d1...f211aad36f24	Implement PROGMEM1, PROGMEM2 and PROGMEM3	/home/travis/Arduino/hardware/MegaCore/avr/libraries/Ethernet/examples/AdvancedChatServer/AdvancedChatServer.ino	MegaCore:avr:2560:bootloader=no_bootloader,pinout=mega_pinout,BOD=2v7,LTO=Os,clock=8MHz_external	1.6.9	15316	822	0	false	0	0		0	
2020-05-23 22:34:02	141	141.7	https://travis-ci.org/MCUdude/MegaCore/jobs/690460792	push		false	master	f211aad36f24c36739513055ce3b66ea42f6a9cb	5455918d82d1...f211aad36f24	Implement PROGMEM1, PROGMEM2 and PROGMEM3	/home/travis/Arduino/hardware/MegaCore/avr/libraries/AVR_examples/examples/Blink_using_Timer0/Blink_using_Timer0.ino	MegaCore:avr:2560:bootloader=no_bootloader,pinout=mega_pinout,BOD=2v7,LTO=Os,clock=8MHz_external	1.6.9	364	3	0	false	0	0		0	
2020-05-23 22:34:07	141	141.7	https://travis-ci.org/MCUdude/MegaCore/jobs/690460792	push		false	master	f211aad36f24c36739513055ce3b66ea42f6a9cb	5455918d82d1...f211aad36f24	Implement PROGMEM1, PROGMEM2 and PROGMEM3	/home/travis/Arduino/hardware/MegaCore/avr/libraries/AVR_examples/examples/Read_port_write_port/Read_port_write_port.ino	MegaCore:avr:2560:bootloader=no_bootloader,pinout=mega_pinout,BOD=2v7,LTO=Os,clock=8MHz_external	1.6.9	266	0	0	false	0	0		0	
2020-05-23 22:34:11	141	141.7	https://travis-ci.org/MCUdude/MegaCore/jobs/690460792	push		false	master	f211aad36f24c36739513055ce3b66ea42f6a9cb	5455918d82d1...f211aad36f24	Implement PROGMEM1, PROGMEM2 and PROGMEM3	/home/travis/Arduino/hardware/MegaCore/avr/libraries/AVR_examples/examples/Measure_period_length/Measure_period_length.ino	MegaCore:avr:2560:bootloader=no_bootloader,pinout=mega_pinout,BOD=2v7,LTO=Os,clock=8MHz_external	1.6.9	2024	202	0	false	0	0		0	
2020-05-23 22:34:16	141	141.7	https://travis-ci.org/MCUdude/MegaCore/jobs/690460792	push		false	master	f211aad36f24c36739513055ce3b66ea42f6a9cb	5455918d82d1...f211aad36f24	Implement PROGMEM1, PROGMEM2 and PROGMEM3	/home/travis/Arduino/hardware/MegaCore/avr/libraries/AVR_examples/examples/Watch_dog_timer/Watch_dog_timer.ino	MegaCore:avr:2560:bootloader=no_bootloader,pinout=mega_pinout,BOD=2v7,LTO=Os,clock=8MHz_external	1.6.9	358	2	0	false	0	0		0	
2020-05-23 22:34:20	141	141.7	https://travis-ci.org/MCUdude/MegaCore/jobs/690460792	push		false	master	f211aad36f24c36739513055ce3b66ea42f6a9cb	5455918d82d1...f211aad36f24	Implement PROGMEM1, PROGMEM2 and PROGMEM3	/home/travis/Arduino/hardware/MegaCore/avr/libraries/AVR_examples/examples/Blink/Blink.ino	MegaCore:avr:2560:bootloader=no_bootloader,pinout=mega_pinout,BOD=2v7,LTO=Os,clock=8MHz_external	1.6.9	298	0	0	false	0	0		0	
2020-05-23 22:34:26	141	141.7	https://travis-ci.org/MCUdude/MegaCore/jobs/690460792	push		false	master	f211aad36f24c36739513055ce3b66ea42f6a9cb	5455918d82d1...f211aad36f24	Implement PROGMEM1, PROGMEM2 and PROGMEM3	/home/travis/Arduino/hardware/MegaCore/avr/libraries/SD/examples/Datalogger/Datalogger.ino	MegaCore:avr:2560:bootloader=no_bootloader,pinout=mega_pinout,BOD=2v7,LTO=Os,clock=8MHz_external	1.6.9	14354	945	5	false	0	0		0	
2020-05-23 22:34:31	141	141.7	https://travis-ci.org/MCUdude/MegaCore/jobs/690460792	push		false	master	f211aad36f24c36739513055ce3b66ea42f6a9cb	5455918d82d1...f211aad36f24	Implement PROGMEM1, PROGMEM2 and PROGMEM3	/home/travis/Arduino/hardware/MegaCore/avr/libraries/SD/examples/CardInfo/CardInfo.ino	MegaCore:avr:2560:bootloader=no_bootloader,pinout=mega_pinout,BOD=2v7,LTO=Os,clock=8MHz_external	1.6.9	11928	1370	5	false	0	0		0	
2020-05-23 22:34:37	141	141.7	https://travis-ci.org/MCUdude/MegaCore/jobs/690460792	push		false	master	f211aad36f24c36739513055ce3b66ea42f6a9cb	5455918d82d1...f211aad36f24	Implement PROGMEM1, PROGMEM2 and PROGMEM3	/home/travis/Arduino/hardware/MegaCore/avr/libraries/SD/examples/ReadWrite/ReadWrite.ino	MegaCore:avr:2560:bootloader=no_bootloader,pinout=mega_pinout,BOD=2v7,LTO=Os,clock=8MHz_external	1.6.9	13330	1014	5	false	0	0		0	
2020-05-23 22:34:42	141	141.7	https://travis-ci.org/MCUdude/MegaCore/jobs/690460792	push		false	master	f211aad36f24c36739513055ce3b66ea42f6a9cb	5455918d82d1...f211aad36f24	Implement PROGMEM1, PROGMEM2 and PROGMEM3	/home/travis/Arduino/hardware/MegaCore/avr/libraries/SD/examples/listfiles/listfiles.ino	MegaCore:avr:2560:bootloader=no_bootloader,pinout=mega_pinout,BOD=2v7,LTO=Os,clock=8MHz_external	1.6.9	14046	950	5	false	0	0		0	
2020-05-23 22:34:48	141	141.7	https://travis-ci.org/MCUdude/MegaCore/jobs/690460792	push		false	master	f211aad36f24c36739513055ce3b66ea42f6a9cb	5455918d82d1...f211aad36f24	Implement PROGMEM1, PROGMEM2 and PROGMEM3	/home/travis/Arduino/hardware/MegaCore/avr/libraries/SD/examples/DumpFile/DumpFile.ino	MegaCore:avr:2560:bootloader=no_bootloader,pinout=mega_pinout,BOD=2v7,LTO=Os,clock=8MHz_external	1.6.9	13012	943	5	false	0	0		0	
2020-05-23 22:34:53	141	141.7	https://travis-ci.org/MCUdude/MegaCore/jobs/690460792	push		false	master	f211aad36f24c36739513055ce3b66ea42f6a9cb	5455918d82d1...f211aad36f24	Implement PROGMEM1, PROGMEM2 and PROGMEM3	/home/travis/Arduino/hardware/MegaCore/avr/libraries/SD/examples/Files/Files.ino	MegaCore:avr:2560:bootloader=no_bootloader,pinout=mega_pinout,BOD=2v7,LTO=Os,clock=8MHz_external	1.6.9	13912	1048	5	false	0	0		0	
2020-05-23 22:34:58	141	141.7	https://travis-ci.org/MCUdude/MegaCore/jobs/690460792	push		false	master	f211aad36f24c36739513055ce3b66ea42f6a9cb	5455918d82d1...f211aad36f24	Implement PROGMEM1, PROGMEM2 and PROGMEM3	/home/travis/Arduino/hardware/MegaCore/avr/libraries/SoftwareSerial/examples/SoftwareSerialExample/SoftwareSerialExample.ino	MegaCore:avr:2560:bootloader=no_bootloader,pinout=mega_pinout,BOD=2v7,LTO=Os,clock=8MHz_external	1.6.9	5818	363	0	false	0	0		0	
2020-05-23 22:35:03	141	141.7	https://travis-ci.org/MCUdude/MegaCore/jobs/690460792	push		false	master	f211aad36f24c36739513055ce3b66ea42f6a9cb	5455918d82d1...f211aad36f24	Implement PROGMEM1, PROGMEM2 and PROGMEM3	/home/travis/Arduino/hardware/MegaCore/avr/libraries/SoftwareSerial/examples/TwoPortReceive/TwoPortReceive.ino	MegaCore:avr:2560:bootloader=no_bootloader,pinout=mega_pinout,BOD=2v7,LTO=Os,clock=8MHz_external	1.6.9	5906	404	0	false	0	0		0	
2020-05-23 22:35:07	141	141.7	https://travis-ci.org/MCUdude/MegaCore/jobs/690460792	push		false	master	f211aad36f24c36739513055ce3b66ea42f6a9cb	5455918d82d1...f211aad36f24	Implement PROGMEM1, PROGMEM2 and PROGMEM3	/home/travis/Arduino/hardware/MegaCore/avr/libraries/Servo/examples/Knob/Knob.ino	MegaCore:avr:2560:bootloader=no_bootloader,pinout=mega_pinout,BOD=2v7,LTO=Os,clock=8MHz_external	1.6.9	3674	171	0	false	0	0		0	
2020-05-23 22:35:12	141	141.7	https://travis-ci.org/MCUdude/MegaCore/jobs/690460792	push		false	master	f211aad36f24c36739513055ce3b66ea42f6a9cb	5455918d82d1...f211aad36f24	Implement PROGMEM1, PROGMEM2 and PROGMEM3	/home/travis/Arduino/hardware/MegaCore/avr/libraries/Servo/examples/Sweep/Sweep.ino	MegaCore:avr:2560:bootloader=no_bootloader,pinout=mega_pinout,BOD=2v7,LTO=Os,clock=8MHz_external	1.6.9	3578	167	0	false	0	0		0	
2020-05-23 22:35:17	141	141.7	https://travis-ci.org/MCUdude/MegaCore/jobs/690460792	push		false	master	f211aad36f24c36739513055ce3b66ea42f6a9cb	5455918d82d1...f211aad36f24	Implement PROGMEM1, PROGMEM2 and PROGMEM3	/home/travis/Arduino/hardware/MegaCore/avr/libraries/EEPROM/examples/eeprom_get/eeprom_get.ino	MegaCore:avr:2560:bootloader=no_bootloader,pinout=mega_pinout,BOD=2v7,LTO=Os,clock=8MHz_external	1.6.9	4144	258	0	false	0	0		0	
2020-05-23 22:35:21	141	141.7	https://travis-ci.org/MCUdude/MegaCore/jobs/690460792	push		false	master	f211aad36f24c36739513055ce3b66ea42f6a9cb	5455918d82d1...f211aad36f24	Implement PROGMEM1, PROGMEM2 and PROGMEM3	/home/travis/Arduino/hardware/MegaCore/avr/libraries/EEPROM/examples/eeprom_crc/eeprom_crc.ino	MegaCore:avr:2560:bootloader=no_bootloader,pinout=mega_pinout,BOD=2v7,LTO=Os,clock=8MHz_external	1.6.9	2794	312	0	false	0	0		0	
2020-05-23 22:35:26	141	141.7	https://travis-ci.org/MCUdude/MegaCore/jobs/690460792	push		false	master	f211aad36f24c36739513055ce3b66ea42f6a9cb	5455918d82d1...f211aad36f24	Implement PROGMEM1, PROGMEM2 and PROGMEM3	/home/travis/Arduino/hardware/MegaCore/avr/libraries/EEPROM/examples/eeprom_read/eeprom_read.ino	MegaCore:avr:2560:bootloader=no_bootloader,pinout=mega_pinout,BOD=2v7,LTO=Os,clock=8MHz_external	1.6.9	2560	205	0	false	0	0		0	
2020-05-23 22:35:30	141	141.7	https://travis-ci.org/MCUdude/MegaCore/jobs/690460792	push		false	master	f211aad36f24c36739513055ce3b66ea42f6a9cb	5455918d82d1...f211aad36f24	Implement PROGMEM1, PROGMEM2 and PROGMEM3	/home/travis/Arduino/hardware/MegaCore/avr/libraries/EEPROM/examples/eeprom_clear/eeprom_clear.ino	MegaCore:avr:2560:bootloader=no_bootloader,pinout=mega_pinout,BOD=2v7,LTO=Os,clock=8MHz_external	1.6.9	1306	9	0	false	0	0		0	
2020-05-23 22:35:35	141	141.7	https://travis-ci.org/MCUdude/MegaCore/jobs/690460792	push		false	master	f211aad36f24c36739513055ce3b66ea42f6a9cb	5455918d82d1...f211aad36f24	Implement PROGMEM1, PROGMEM2 and PROGMEM3	/home/travis/Arduino/hardware/MegaCore/avr/libraries/EEPROM/examples/eeprom_write/eeprom_write.ino	MegaCore:avr:2560:bootloader=no_bootloader,pinout=mega_pinout,BOD=2v7,LTO=Os,clock=8MHz_external	1.6.9	1034	13	0	false	0	0		0	
2020-05-23 22:35:40	141	141.7	https://travis-ci.org/MCUdude/MegaCore/jobs/690460792	push		false	master	f211aad36f24c36739513055ce3b66ea42f6a9cb	5455918d82d1...f211aad36f24	Implement PROGMEM1, PROGMEM2 and PROGMEM3	/home/travis/Arduino/hardware/MegaCore/avr/libraries/EEPROM/examples/eeprom_iteration/eeprom_iteration.ino	MegaCore:avr:2560:bootloader=no_bootloader,pinout=mega_pinout,BOD=2v7,LTO=Os,clock=8MHz_external	1.6.9	856	9	0	false	0	0		0	
2020-05-23 22:35:45	141	141.7	https://travis-ci.org/MCUdude/MegaCore/jobs/690460792	push		false	master	f211aad36f24c36739513055ce3b66ea42f6a9cb	5455918d82d1...f211aad36f24	Implement PROGMEM1, PROGMEM2 and PROGMEM3	/home/travis/Arduino/hardware/MegaCore/avr/libraries/EEPROM/examples/eeprom_update/eeprom_update.ino	MegaCore:avr:2560:bootloader=no_bootloader,pinout=mega_pinout,BOD=2v7,LTO=Os,clock=8MHz_external	1.6.9	1082	13	0	false	0	0		0	
2020-05-23 22:35:49	141	141.7	https://travis-ci.org/MCUdude/MegaCore/jobs/690460792	push		false	master	f211aad36f24c36739513055ce3b66ea42f6a9cb	5455918d82d1...f211aad36f24	Implement PROGMEM1, PROGMEM2 and PROGMEM3	/home/travis/Arduino/hardware/MegaCore/avr/libraries/EEPROM/examples/eeprom_put/eeprom_put.ino	MegaCore:avr:2560:bootloader=no_bootloader,pinout=mega_pinout,BOD=2v7,LTO=Os,clock=8MHz_external	1.6.9	2508	342	0	false	0	0		0	
2020-05-23 22:35:54	141	141.7	https://travis-ci.org/MCUdude/MegaCore/jobs/690460792	push		false	master	f211aad36f24c36739513055ce3b66ea42f6a9cb	5455918d82d1...f211aad36f24	Implement PROGMEM1, PROGMEM2 and PROGMEM3	/home/travis/Arduino/hardware/MegaCore/avr/libraries/Optiboot_flasher/examples/SerialReadWrite/SerialReadWrite.ino	MegaCore:avr:2560:bootloader=no_bootloader,pinout=mega_pinout,BOD=2v7,LTO=Os,clock=8MHz_external	1.6.9	7946	467	0	false	0	0		0	
2020-05-23 22:35:59	141	141.7	https://travis-ci.org/MCUdude/MegaCore/jobs/690460792	push		false	master	f211aad36f24c36739513055ce3b66ea42f6a9cb	5455918d82d1...f211aad36f24	Implement PROGMEM1, PROGMEM2 and PROGMEM3	/home/travis/Arduino/hardware/MegaCore/avr/libraries/Timer/examples/Events/Events.ino	MegaCore:avr:2560:bootloader=no_bootloader,pinout=mega_pinout,BOD=2v7,LTO=Os,clock=8MHz_external	1.6.9	4462	552	0	false	0	0		0	
2020-05-23 22:36:04	141	141.7	https://travis-ci.org/MCUdude/MegaCore/jobs/690460792	push		false	master	f211aad36f24c36739513055ce3b66ea42f6a9cb	5455918d82d1...f211aad36f24	Implement PROGMEM1, PROGMEM2 and PROGMEM3	/home/travis/Arduino/hardware/MegaCore/avr/libraries/Timer/examples/Pin_high_10_minutes/Pin_high_10_minutes.ino	MegaCore:avr:2560:bootloader=no_bootloader,pinout=mega_pinout,BOD=2v7,LTO=Os,clock=8MHz_external	1.6.9	2002	205	1	false	0	0		0	
2020-05-23 22:36:08	141	141.7	https://travis-ci.org/MCUdude/MegaCore/jobs/690460792	push		false	master	f211aad36f24c36739513055ce3b66ea42f6a9cb	5455918d82d1...f211aad36f24	Implement PROGMEM1, PROGMEM2 and PROGMEM3	/home/travis/Arduino/hardware/MegaCore/avr/libraries/Timer/examples/Multitasking/Multitasking.ino	MegaCore:avr:2560:bootloader=no_bootloader,pinout=mega_pinout,BOD=2v7,LTO=Os,clock=8MHz_external	1.6.9	4018	456	1	false	0	0		0	
2020-05-23 22:36:13	141	141.7	https://travis-ci.org/MCUdude/MegaCore/jobs/690460792	push		false	master	f211aad36f24c36739513055ce3b66ea42f6a9cb	5455918d82d1...f211aad36f24	Implement PROGMEM1, PROGMEM2 and PROGMEM3	/home/travis/Arduino/hardware/MegaCore/avr/libraries/Timer/examples/TimerTest/TimerTest.ino	MegaCore:avr:2560:bootloader=no_bootloader,pinout=mega_pinout,BOD=2v7,LTO=Os,clock=8MHz_external	1.6.9	1968	203	0	false	0	0		0	
2020-05-23 22:36:17	141	141.7	https://travis-ci.org/MCUdude/MegaCore/jobs/690460792	push		false	master	f211aad36f24c36739513055ce3b66ea42f6a9cb	5455918d82d1...f211aad36f24	Implement PROGMEM1, PROGMEM2 and PROGMEM3	/home/travis/Arduino/hardware/MegaCore/avr/libraries/SPI/examples/BarometricPressureSensor/BarometricPressureSensor.ino	MegaCore:avr:2560:bootloader=no_bootloader,pinout=mega_pinout,BOD=2v7,LTO=Os,clock=8MHz_external	1.6.9	7118	237	1	false	0	0		0	
2020-05-23 22:36:22	141	141.7	https://travis-ci.org/MCUdude/MegaCore/jobs/690460792	push		false	master	f211aad36f24c36739513055ce3b66ea42f6a9cb	5455918d82d1...f211aad36f24	Implement PROGMEM1, PROGMEM2 and PROGMEM3	/home/travis/Arduino/hardware/MegaCore/avr/libraries/SPI/examples/DigitalPotControl/DigitalPotControl.ino	MegaCore:avr:2560:bootloader=no_bootloader,pinout=mega_pinout,BOD=2v7,LTO=Os,clock=8MHz_external	1.6.9	1814	10	0	false	0	0		0	
2020-05-23 22:36:27	141	141.7	https://travis-ci.org/MCUdude/MegaCore/jobs/690460792	push		false	master	f211aad36f24c36739513055ce3b66ea42f6a9cb	5455918d82d1...f211aad36f24	Implement PROGMEM1, PROGMEM2 and PROGMEM3	/home/travis/Arduino/hardware/MegaCore/avr/libraries/Wire/examples/i2c_scanner/i2c_scanner.ino	MegaCore:avr:2560:bootloader=no_bootloader,pinout=mega_pinout,BOD=2v7,LTO=Os,clock=8MHz_external	1.6.9	4886	532	2	false	0	0		0	
2020-05-23 22:36:32	141	141.7	https://travis-ci.org/MCUdude/MegaCore/jobs/690460792	push		false	master	f211aad36f24c36739513055ce3b66ea42f6a9cb	5455918d82d1...f211aad36f24	Implement PROGMEM1, PROGMEM2 and PROGMEM3	/home/travis/Arduino/hardware/MegaCore/avr/libraries/Wire/examples/SFRRanger_reader/SFRRanger_reader.ino	MegaCore:avr:2560:bootloader=no_bootloader,pinout=mega_pinout,BOD=2v7,LTO=Os,clock=8MHz_external	1.6.9	5168	416	2	false	0	0		0	
2020-05-23 22:36:36	141	141.7	https://travis-ci.org/MCUdude/MegaCore/jobs/690460792	push		false	master	f211aad36f24c36739513055ce3b66ea42f6a9cb	5455918d82d1...f211aad36f24	Implement PROGMEM1, PROGMEM2 and PROGMEM3	/home/travis/Arduino/hardware/MegaCore/avr/libraries/Wire/examples/master_writer/master_writer.ino	MegaCore:avr:2560:bootloader=no_bootloader,pinout=mega_pinout,BOD=2v7,LTO=Os,clock=8MHz_external	1.6.9	3056	230	2	false	0	0		0	
2020-05-23 22:36:41	141	141.7	https://travis-ci.org/MCUdude/MegaCore/jobs/690460792	push		false	master	f211aad36f24c36739513055ce3b66ea42f6a9cb	5455918d82d1...f211aad36f24	Implement PROGMEM1, PROGMEM2 and PROGMEM3	/home/travis/Arduino/hardware/MegaCore/avr/libraries/Wire/examples/digital_potentiometer/digital_potentiometer.ino	MegaCore:avr:2560:bootloader=no_bootloader,pinout=mega_pinout,BOD=2v7,LTO=Os,clock=8MHz_external	1.6.9	3040	224	2	false	0	0		0	
2020-05-23 22:36:46	141	141.7	https://travis-ci.org/MCUdude/MegaCore/jobs/690460792	push		false	master	f211aad36f24c36739513055ce3b66ea42f6a9cb	5455918d82d1...f211aad36f24	Implement PROGMEM1, PROGMEM2 and PROGMEM3	/home/travis/Arduino/hardware/MegaCore/avr/libraries/Wire/examples/slave_receiver/slave_receiver.ino	MegaCore:avr:2560:bootloader=no_bootloader,pinout=mega_pinout,BOD=2v7,LTO=Os,clock=8MHz_external	1.6.9	4550	413	3	false	0	0		0	
2020-05-23 22:36:51	141	141.7	https://travis-ci.org/MCUdude/MegaCore/jobs/690460792	push		false	master	f211aad36f24c36739513055ce3b66ea42f6a9cb	5455918d82d1...f211aad36f24	Implement PROGMEM1, PROGMEM2 and PROGMEM3	/home/travis/Arduino/hardware/MegaCore/avr/libraries/Wire/examples/master_reader/master_reader.ino	MegaCore:avr:2560:bootloader=no_bootloader,pinout=mega_pinout,BOD=2v7,LTO=Os,clock=8MHz_external	1.6.9	4644	398	2	false	0	0		0	
2020-05-23 22:36:55	141	141.7	https://travis-ci.org/MCUdude/MegaCore/jobs/690460792	push		false	master	f211aad36f24c36739513055ce3b66ea42f6a9cb	5455918d82d1...f211aad36f24	Implement PROGMEM1, PROGMEM2 and PROGMEM3	/home/travis/Arduino/hardware/MegaCore/avr/libraries/Wire/examples/slave_sender/slave_sender.ino	MegaCore:avr:2560:bootloader=no_bootloader,pinout=mega_pinout,BOD=2v7,LTO=Os,clock=8MHz_external	1.6.9	2846	230	2	false	0	0		0	
2020-05-23 22:37:03	141	141.7	https://travis-ci.org/MCUdude/MegaCore/jobs/690460792	push		false	master	f211aad36f24c36739513055ce3b66ea42f6a9cb	5455918d82d1...f211aad36f24	Implement PROGMEM1, PROGMEM2 and PROGMEM3	/home/travis/Arduino/hardware/MegaCore/avr/libraries/Ethernet/examples/UDPSendReceiveString/UDPSendReceiveString.ino	MegaCore:avr:2560:bootloader=no_bootloader,pinout=mega_pinout,BOD=2v7,LTO=Os,clock=8MHz_external	1.6.13	12176	643	0	false	0	0		0	
2020-05-23 22:37:09	141	141.7	https://travis-ci.org/MCUdude/MegaCore/jobs/690460792	push		false	master	f211aad36f24c36739513055ce3b66ea42f6a9cb	5455918d82d1...f211aad36f24	Implement PROGMEM1, PROGMEM2 and PROGMEM3	/home/travis/Arduino/hardware/MegaCore/avr/libraries/Ethernet/examples/TwitterClient/TwitterClient.ino	MegaCore:avr:2560:bootloader=no_bootloader,pinout=mega_pinout,BOD=2v7,LTO=Os,clock=8MHz_external	1.6.13	19308	912	0	false	0	0		0	
2020-05-23 22:37:14	141	141.7	https://travis-ci.org/MCUdude/MegaCore/jobs/690460792	push		false	master	f211aad36f24c36739513055ce3b66ea42f6a9cb	5455918d82d1...f211aad36f24	Implement PROGMEM1, PROGMEM2 and PROGMEM3	/home/travis/Arduino/hardware/MegaCore/avr/libraries/Ethernet/examples/WebClientRepeating/WebClientRepeating.ino	MegaCore:avr:2560:bootloader=no_bootloader,pinout=mega_pinout,BOD=2v7,LTO=Os,clock=8MHz_external	1.6.13	17654	957	0	false	0	0		0	
2020-05-23 22:37:20	141	141.7	https://travis-ci.org/MCUdude/MegaCore/jobs/690460792	push		false	master	f211aad36f24c36739513055ce3b66ea42f6a9cb	5455918d82d1...f211aad36f24	Implement PROGMEM1, PROGMEM2 and PROGMEM3	/home/travis/Arduino/hardware/MegaCore/avr/libraries/Ethernet/examples/UdpNtpClient/UdpNtpClient.ino	MegaCore:avr:2560:bootloader=no_bootloader,pinout=mega_pinout,BOD=2v7,LTO=Os,clock=8MHz_external	1.6.13	15436	823	0	false	0	0		0	
2020-05-23 22:37:25	141	141.7	https://travis-ci.org/MCUdude/MegaCore/jobs/690460792	push		false	master	f211aad36f24c36739513055ce3b66ea42f6a9cb	5455918d82d1...f211aad36f24	Implement PROGMEM1, PROGMEM2 and PROGMEM3	/home/travis/Arduino/hardware/MegaCore/avr/libraries/Ethernet/examples/WebClient/WebClient.ino	MegaCore:avr:2560:bootloader=no_bootloader,pinout=mega_pinout,BOD=2v7,LTO=Os,clock=8MHz_external	1.6.13	19616	1007	0	false	0	0		0	
2020-05-23 22:37:31	141	141.7	https://travis-ci.org/MCUdude/MegaCore/jobs/690460792	push		false	master	f211aad36f24c36739513055ce3b66ea42f6a9cb	5455918d82d1...f211aad36f24	Implement PROGMEM1, PROGMEM2 and PROGMEM3	/home/travis/Arduino/hardware/MegaCore/avr/libraries/Ethernet/examples/ChatServer/ChatServer.ino	MegaCore:avr:2560:bootloader=no_bootloader,pinout=mega_pinout,BOD=2v7,LTO=Os,clock=8MHz_external	1.6.13	14386	673	0	false	0	0		0	
2020-05-23 22:37:37	141	141.7	https://travis-ci.org/MCUdude/MegaCore/jobs/690460792	push		false	master	f211aad36f24c36739513055ce3b66ea42f6a9cb	5455918d82d1...f211aad36f24	Implement PROGMEM1, PROGMEM2 and PROGMEM3	/home/travis/Arduino/hardware/MegaCore/avr/libraries/Ethernet/examples/DhcpAddressPrinter/DhcpAddressPrinter.ino	MegaCore:avr:2560:bootloader=no_bootloader,pinout=mega_pinout,BOD=2v7,LTO=Os,clock=8MHz_external	1.6.13	15148	790	0	false	0	0		0	
2020-05-23 22:37:42	141	141.7	https://travis-ci.org/MCUdude/MegaCore/jobs/690460792	push		false	master	f211aad36f24c36739513055ce3b66ea42f6a9cb	5455918d82d1...f211aad36f24	Implement PROGMEM1, PROGMEM2 and PROGMEM3	/home/travis/Arduino/hardware/MegaCore/avr/libraries/Ethernet/examples/XivelyClient/XivelyClient.ino	MegaCore:avr:2560:bootloader=no_bootloader,pinout=mega_pinout,BOD=2v7,LTO=Os,clock=8MHz_external	1.6.13	18000	872	0	false	0	0		0	
2020-05-23 22:37:48	141	141.7	https://travis-ci.org/MCUdude/MegaCore/jobs/690460792	push		false	master	f211aad36f24c36739513055ce3b66ea42f6a9cb	5455918d82d1...f211aad36f24	Implement PROGMEM1, PROGMEM2 and PROGMEM3	/home/travis/Arduino/hardware/MegaCore/avr/libraries/Ethernet/examples/XivelyClientString/XivelyClientString.ino	MegaCore:avr:2560:bootloader=no_bootloader,pinout=mega_pinout,BOD=2v7,LTO=Os,clock=8MHz_external	1.6.13	19750	892	0	false	0	0		0	
2020-05-23 22:37:54	141	141.7	https://travis-ci.org/MCUdude/MegaCore/jobs/690460792	push		false	master	f211aad36f24c36739513055ce3b66ea42f6a9cb	5455918d82d1...f211aad36f24	Implement PROGMEM1, PROGMEM2 and PROGMEM3	/home/travis/Arduino/hardware/MegaCore/avr/libraries/Ethernet/examples/LinkStatus/LinkStatus.ino	MegaCore:avr:2560:bootloader=no_bootloader,pinout=mega_pinout,BOD=2v7,LTO=Os,clock=8MHz_external	1.6.13	5240	316	0	false	0	0		0	
2020-05-23 22:38:00	141	141.7	https://travis-ci.org/MCUdude/MegaCore/jobs/690460792	push		false	master	f211aad36f24c36739513055ce3b66ea42f6a9cb	5455918d82d1...f211aad36f24	Implement PROGMEM1, PROGMEM2 and PROGMEM3	/home/travis/Arduino/hardware/MegaCore/avr/libraries/Ethernet/examples/BarometricPressureWebServer/BarometricPressureWebServer.ino	MegaCore:avr:2560:bootloader=no_bootloader,pinout=mega_pinout,BOD=2v7,LTO=Os,clock=8MHz_external	1.6.13	18822	734	2	false	0	0		0	
2020-05-23 22:38:06	141	141.7	https://travis-ci.org/MCUdude/MegaCore/jobs/690460792	push		false	master	f211aad36f24c36739513055ce3b66ea42f6a9cb	5455918d82d1...f211aad36f24	Implement PROGMEM1, PROGMEM2 and PROGMEM3	/home/travis/Arduino/hardware/MegaCore/avr/libraries/Ethernet/examples/DhcpChatServer/DhcpChatServer.ino	MegaCore:avr:2560:bootloader=no_bootloader,pinout=mega_pinout,BOD=2v7,LTO=Os,clock=8MHz_external	1.6.13	18422	857	0	false	0	0		0	
2020-05-23 22:38:11	141	141.7	https://travis-ci.org/MCUdude/MegaCore/jobs/690460792	push		false	master	f211aad36f24c36739513055ce3b66ea42f6a9cb	5455918d82d1...f211aad36f24	Implement PROGMEM1, PROGMEM2 and PROGMEM3	/home/travis/Arduino/hardware/MegaCore/avr/libraries/Ethernet/examples/WebServer/WebServer.ino	MegaCore:avr:2560:bootloader=no_bootloader,pinout=mega_pinout,BOD=2v7,LTO=Os,clock=8MHz_external	1.6.13	15384	796	0	false	0	0		0	
2020-05-23 22:38:17	141	141.7	https://travis-ci.org/MCUdude/MegaCore/jobs/690460792	push		false	master	f211aad36f24c36739513055ce3b66ea42f6a9cb	5455918d82d1...f211aad36f24	Implement PROGMEM1, PROGMEM2 and PROGMEM3	/home/travis/Arduino/hardware/MegaCore/avr/libraries/Ethernet/examples/TelnetClient/TelnetClient.ino	MegaCore:avr:2560:bootloader=no_bootloader,pinout=mega_pinout,BOD=2v7,LTO=Os,clock=8MHz_external	1.6.13	13978	653	0	false	0	0		0	
2020-05-23 22:38:23	141	141.7	https://travis-ci.org/MCUdude/MegaCore/jobs/690460792	push		false	master	f211aad36f24c36739513055ce3b66ea42f6a9cb	5455918d82d1...f211aad36f24	Implement PROGMEM1, PROGMEM2 and PROGMEM3	/home/travis/Arduino/hardware/MegaCore/avr/libraries/Ethernet/examples/PachubeClient/PachubeClient.ino	MegaCore:avr:2560:bootloader=no_bootloader,pinout=mega_pinout,BOD=2v7,LTO=Os,clock=8MHz_external	1.6.13	18002	874	0	false	0	0		0	
2020-05-23 22:38:29	141	141.7	https://travis-ci.org/MCUdude/MegaCore/jobs/690460792	push		false	master	f211aad36f24c36739513055ce3b66ea42f6a9cb	5455918d82d1...f211aad36f24	Implement PROGMEM1, PROGMEM2 and PROGMEM3	/home/travis/Arduino/hardware/MegaCore/avr/libraries/Ethernet/examples/PachubeClientString/PachubeClientString.ino	MegaCore:avr:2560:bootloader=no_bootloader,pinout=mega_pinout,BOD=2v7,LTO=Os,clock=8MHz_external	1.6.13	19752	894	0	false	0	0		0	
2020-05-23 22:38:34	141	141.7	https://travis-ci.org/MCUdude/MegaCore/jobs/690460792	push		false	master	f211aad36f24c36739513055ce3b66ea42f6a9cb	5455918d82d1...f211aad36f24	Implement PROGMEM1, PROGMEM2 and PROGMEM3	/home/travis/Arduino/hardware/MegaCore/avr/libraries/Ethernet/examples/AdvancedChatServer/AdvancedChatServer.ino	MegaCore:avr:2560:bootloader=no_bootloader,pinout=mega_pinout,BOD=2v7,LTO=Os,clock=8MHz_external	1.6.13	15274	822	0	false	0	0		0	
2020-05-23 22:38:39	141	141.7	https://travis-ci.org/MCUdude/MegaCore/jobs/690460792	push		false	master	f211aad36f24c36739513055ce3b66ea42f6a9cb	5455918d82d1...f211aad36f24	Implement PROGMEM1, PROGMEM2 and PROGMEM3	/home/travis/Arduino/hardware/MegaCore/avr/libraries/AVR_examples/examples/Blink_using_Timer0/Blink_using_Timer0.ino	MegaCore:avr:2560:bootloader=no_bootloader,pinout=mega_pinout,BOD=2v7,LTO=Os,clock=8MHz_external	1.6.13	364	3	0	false	0	0		0	
2020-05-23 22:38:44	141	141.7	https://travis-ci.org/MCUdude/MegaCore/jobs/690460792	push		false	master	f211aad36f24c36739513055ce3b66ea42f6a9cb	5455918d82d1...f211aad36f24	Implement PROGMEM1, PROGMEM2 and PROGMEM3	/home/travis/Arduino/hardware/MegaCore/avr/libraries/AVR_examples/examples/Read_port_write_port/Read_port_write_port.ino	MegaCore:avr:2560:bootloader=no_bootloader,pinout=mega_pinout,BOD=2v7,LTO=Os,clock=8MHz_external	1.6.13	266	0	0	false	0	0		0	
2020-05-23 22:38:48	141	141.7	https://travis-ci.org/MCUdude/MegaCore/jobs/690460792	push		false	master	f211aad36f24c36739513055ce3b66ea42f6a9cb	5455918d82d1...f211aad36f24	Implement PROGMEM1, PROGMEM2 and PROGMEM3	/home/travis/Arduino/hardware/MegaCore/avr/libraries/AVR_examples/examples/Measure_period_length/Measure_period_length.ino	MegaCore:avr:2560:bootloader=no_bootloader,pinout=mega_pinout,BOD=2v7,LTO=Os,clock=8MHz_external	1.6.13	1928	202	0	false	0	0		0	
2020-05-23 22:38:53	141	141.7	https://travis-ci.org/MCUdude/MegaCore/jobs/690460792	push		false	master	f211aad36f24c36739513055ce3b66ea42f6a9cb	5455918d82d1...f211aad36f24	Implement PROGMEM1, PROGMEM2 and PROGMEM3	/home/travis/Arduino/hardware/MegaCore/avr/libraries/AVR_examples/examples/Watch_dog_timer/Watch_dog_timer.ino	MegaCore:avr:2560:bootloader=no_bootloader,pinout=mega_pinout,BOD=2v7,LTO=Os,clock=8MHz_external	1.6.13	356	2	0	false	0	0		0	
2020-05-23 22:38:58	141	141.7	https://travis-ci.org/MCUdude/MegaCore/jobs/690460792	push		false	master	f211aad36f24c36739513055ce3b66ea42f6a9cb	5455918d82d1...f211aad36f24	Implement PROGMEM1, PROGMEM2 and PROGMEM3	/home/travis/Arduino/hardware/MegaCore/avr/libraries/AVR_examples/examples/Blink/Blink.ino	MegaCore:avr:2560:bootloader=no_bootloader,pinout=mega_pinout,BOD=2v7,LTO=Os,clock=8MHz_external	1.6.13	298	0	0	false	0	0		0	
2020-05-23 22:39:03	141	141.7	https://travis-ci.org/MCUdude/MegaCore/jobs/690460792	push		false	master	f211aad36f24c36739513055ce3b66ea42f6a9cb	5455918d82d1...f211aad36f24	Implement PROGMEM1, PROGMEM2 and PROGMEM3	/home/travis/Arduino/hardware/MegaCore/avr/libraries/SD/examples/Datalogger/Datalogger.ino	MegaCore:avr:2560:bootloader=no_bootloader,pinout=mega_pinout,BOD=2v7,LTO=Os,clock=8MHz_external	1.6.13	14234	945	5	false	0	0		0	
2020-05-23 22:39:09	141	141.7	https://travis-ci.org/MCUdude/MegaCore/jobs/690460792	push		false	master	f211aad36f24c36739513055ce3b66ea42f6a9cb	5455918d82d1...f211aad36f24	Implement PROGMEM1, PROGMEM2 and PROGMEM3	/home/travis/Arduino/hardware/MegaCore/avr/libraries/SD/examples/CardInfo/CardInfo.ino	MegaCore:avr:2560:bootloader=no_bootloader,pinout=mega_pinout,BOD=2v7,LTO=Os,clock=8MHz_external	1.6.13	11794	1370	5	false	0	0		0	
2020-05-23 22:39:14	141	141.7	https://travis-ci.org/MCUdude/MegaCore/jobs/690460792	push		false	master	f211aad36f24c36739513055ce3b66ea42f6a9cb	5455918d82d1...f211aad36f24	Implement PROGMEM1, PROGMEM2 and PROGMEM3	/home/travis/Arduino/hardware/MegaCore/avr/libraries/SD/examples/ReadWrite/ReadWrite.ino	MegaCore:avr:2560:bootloader=no_bootloader,pinout=mega_pinout,BOD=2v7,LTO=Os,clock=8MHz_external	1.6.13	13200	1014	5	false	0	0		0	
2020-05-23 22:39:19	141	141.7	https://travis-ci.org/MCUdude/MegaCore/jobs/690460792	push		false	master	f211aad36f24c36739513055ce3b66ea42f6a9cb	5455918d82d1...f211aad36f24	Implement PROGMEM1, PROGMEM2 and PROGMEM3	/home/travis/Arduino/hardware/MegaCore/avr/libraries/SD/examples/listfiles/listfiles.ino	MegaCore:avr:2560:bootloader=no_bootloader,pinout=mega_pinout,BOD=2v7,LTO=Os,clock=8MHz_external	1.6.13	13914	950	5	false	0	0		0	
2020-05-23 22:39:25	141	141.7	https://travis-ci.org/MCUdude/MegaCore/jobs/690460792	push		false	master	f211aad36f24c36739513055ce3b66ea42f6a9cb	5455918d82d1...f211aad36f24	Implement PROGMEM1, PROGMEM2 and PROGMEM3	/home/travis/Arduino/hardware/MegaCore/avr/libraries/SD/examples/DumpFile/DumpFile.ino	MegaCore:avr:2560:bootloader=no_bootloader,pinout=mega_pinout,BOD=2v7,LTO=Os,clock=8MHz_external	1.6.13	12882	943	5	false	0	0		0	
2020-05-23 22:39:30	141	141.7	https://travis-ci.org/MCUdude/MegaCore/jobs/690460792	push		false	master	f211aad36f24c36739513055ce3b66ea42f6a9cb	5455918d82d1...f211aad36f24	Implement PROGMEM1, PROGMEM2 and PROGMEM3	/home/travis/Arduino/hardware/MegaCore/avr/libraries/SD/examples/Files/Files.ino	MegaCore:avr:2560:bootloader=no_bootloader,pinout=mega_pinout,BOD=2v7,LTO=Os,clock=8MHz_external	1.6.13	13806	1048	5	false	0	0		0	
2020-05-23 22:39:35	141	141.7	https://travis-ci.org/MCUdude/MegaCore/jobs/690460792	push		false	master	f211aad36f24c36739513055ce3b66ea42f6a9cb	5455918d82d1...f211aad36f24	Implement PROGMEM1, PROGMEM2 and PROGMEM3	/home/travis/Arduino/hardware/MegaCore/avr/libraries/SoftwareSerial/examples/SoftwareSerialExample/SoftwareSerialExample.ino	MegaCore:avr:2560:bootloader=no_bootloader,pinout=mega_pinout,BOD=2v7,LTO=Os,clock=8MHz_external	1.6.13	5714	363	0	false	0	0		0	
2020-05-23 22:39:39	141	141.7	https://travis-ci.org/MCUdude/MegaCore/jobs/690460792	push		false	master	f211aad36f24c36739513055ce3b66ea42f6a9cb	5455918d82d1...f211aad36f24	Implement PROGMEM1, PROGMEM2 and PROGMEM3	/home/travis/Arduino/hardware/MegaCore/avr/libraries/SoftwareSerial/examples/TwoPortReceive/TwoPortReceive.ino	MegaCore:avr:2560:bootloader=no_bootloader,pinout=mega_pinout,BOD=2v7,LTO=Os,clock=8MHz_external	1.6.13	5790	404	0	false	0	0		0	
2020-05-23 22:39:44	141	141.7	https://travis-ci.org/MCUdude/MegaCore/jobs/690460792	push		false	master	f211aad36f24c36739513055ce3b66ea42f6a9cb	5455918d82d1...f211aad36f24	Implement PROGMEM1, PROGMEM2 and PROGMEM3	/home/travis/Arduino/hardware/MegaCore/avr/libraries/Servo/examples/Knob/Knob.ino	MegaCore:avr:2560:bootloader=no_bootloader,pinout=mega_pinout,BOD=2v7,LTO=Os,clock=8MHz_external	1.6.13	3658	171	0	false	0	0		0	
2020-05-23 22:39:49	141	141.7	https://travis-ci.org/MCUdude/MegaCore/jobs/690460792	push		false	master	f211aad36f24c36739513055ce3b66ea42f6a9cb	5455918d82d1...f211aad36f24	Implement PROGMEM1, PROGMEM2 and PROGMEM3	/home/travis/Arduino/hardware/MegaCore/avr/libraries/Servo/examples/Sweep/Sweep.ino	MegaCore:avr:2560:bootloader=no_bootloader,pinout=mega_pinout,BOD=2v7,LTO=Os,clock=8MHz_external	1.6.13	3564	167	0	false	0	0		0	
2020-05-23 22:39:53	141	141.7	https://travis-ci.org/MCUdude/MegaCore/jobs/690460792	push		false	master	f211aad36f24c36739513055ce3b66ea42f6a9cb	5455918d82d1...f211aad36f24	Implement PROGMEM1, PROGMEM2 and PROGMEM3	/home/travis/Arduino/hardware/MegaCore/avr/libraries/EEPROM/examples/eeprom_get/eeprom_get.ino	MegaCore:avr:2560:bootloader=no_bootloader,pinout=mega_pinout,BOD=2v7,LTO=Os,clock=8MHz_external	1.6.13	4058	258	0	false	0	0		0	
2020-05-23 22:39:58	141	141.7	https://travis-ci.org/MCUdude/MegaCore/jobs/690460792	push		false	master	f211aad36f24c36739513055ce3b66ea42f6a9cb	5455918d82d1...f211aad36f24	Implement PROGMEM1, PROGMEM2 and PROGMEM3	/home/travis/Arduino/hardware/MegaCore/avr/libraries/EEPROM/examples/eeprom_crc/eeprom_crc.ino	MegaCore:avr:2560:bootloader=no_bootloader,pinout=mega_pinout,BOD=2v7,LTO=Os,clock=8MHz_external	1.6.13	2694	312	0	false	0	0		0	
2020-05-23 22:40:03	141	141.7	https://travis-ci.org/MCUdude/MegaCore/jobs/690460792	push		false	master	f211aad36f24c36739513055ce3b66ea42f6a9cb	5455918d82d1...f211aad36f24	Implement PROGMEM1, PROGMEM2 and PROGMEM3	/home/travis/Arduino/hardware/MegaCore/avr/libraries/EEPROM/examples/eeprom_read/eeprom_read.ino	MegaCore:avr:2560:bootloader=no_bootloader,pinout=mega_pinout,BOD=2v7,LTO=Os,clock=8MHz_external	1.6.13	2472	205	0	false	0	0		0	
2020-05-23 22:40:07	141	141.7	https://travis-ci.org/MCUdude/MegaCore/jobs/690460792	push		false	master	f211aad36f24c36739513055ce3b66ea42f6a9cb	5455918d82d1...f211aad36f24	Implement PROGMEM1, PROGMEM2 and PROGMEM3	/home/travis/Arduino/hardware/MegaCore/avr/libraries/EEPROM/examples/eeprom_clear/eeprom_clear.ino	MegaCore:avr:2560:bootloader=no_bootloader,pinout=mega_pinout,BOD=2v7,LTO=Os,clock=8MHz_external	1.6.13	1302	9	0	false	0	0		0	
2020-05-23 22:40:12	141	141.7	https://travis-ci.org/MCUdude/MegaCore/jobs/690460792	push		false	master	f211aad36f24c36739513055ce3b66ea42f6a9cb	5455918d82d1...f211aad36f24	Implement PROGMEM1, PROGMEM2 and PROGMEM3	/home/travis/Arduino/hardware/MegaCore/avr/libraries/EEPROM/examples/eeprom_write/eeprom_write.ino	MegaCore:avr:2560:bootloader=no_bootloader,pinout=mega_pinout,BOD=2v7,LTO=Os,clock=8MHz_external	1.6.13	1042	13	0	false	0	0		0	
2020-05-23 22:40:16	141	141.7	https://travis-ci.org/MCUdude/MegaCore/jobs/690460792	push		false	master	f211aad36f24c36739513055ce3b66ea42f6a9cb	5455918d82d1...f211aad36f24	Implement PROGMEM1, PROGMEM2 and PROGMEM3	/home/travis/Arduino/hardware/MegaCore/avr/libraries/EEPROM/examples/eeprom_iteration/eeprom_iteration.ino	MegaCore:avr:2560:bootloader=no_bootloader,pinout=mega_pinout,BOD=2v7,LTO=Os,clock=8MHz_external	1.6.13	856	9	0	false	0	0		0	
2020-05-23 22:40:21	141	141.7	https://travis-ci.org/MCUdude/MegaCore/jobs/690460792	push		false	master	f211aad36f24c36739513055ce3b66ea42f6a9cb	5455918d82d1...f211aad36f24	Implement PROGMEM1, PROGMEM2 and PROGMEM3	/home/travis/Arduino/hardware/MegaCore/avr/libraries/EEPROM/examples/eeprom_update/eeprom_update.ino	MegaCore:avr:2560:bootloader=no_bootloader,pinout=mega_pinout,BOD=2v7,LTO=Os,clock=8MHz_external	1.6.13	1090	13	0	false	0	0		0	
2020-05-23 22:40:25	141	141.7	https://travis-ci.org/MCUdude/MegaCore/jobs/690460792	push		false	master	f211aad36f24c36739513055ce3b66ea42f6a9cb	5455918d82d1...f211aad36f24	Implement PROGMEM1, PROGMEM2 and PROGMEM3	/home/travis/Arduino/hardware/MegaCore/avr/libraries/EEPROM/examples/eeprom_put/eeprom_put.ino	MegaCore:avr:2560:bootloader=no_bootloader,pinout=mega_pinout,BOD=2v7,LTO=Os,clock=8MHz_external	1.6.13	2432	342	0	false	0	0		0	
2020-05-23 22:40:30	141	141.7	https://travis-ci.org/MCUdude/MegaCore/jobs/690460792	push		false	master	f211aad36f24c36739513055ce3b66ea42f6a9cb	5455918d82d1...f211aad36f24	Implement PROGMEM1, PROGMEM2 and PROGMEM3	/home/travis/Arduino/hardware/MegaCore/avr/libraries/Optiboot_flasher/examples/SerialReadWrite/SerialReadWrite.ino	MegaCore:avr:2560:bootloader=no_bootloader,pinout=mega_pinout,BOD=2v7,LTO=Os,clock=8MHz_external	1.6.13	7890	467	0	false	0	0		0	
2020-05-23 22:40:35	141	141.7	https://travis-ci.org/MCUdude/MegaCore/jobs/690460792	push		false	master	f211aad36f24c36739513055ce3b66ea42f6a9cb	5455918d82d1...f211aad36f24	Implement PROGMEM1, PROGMEM2 and PROGMEM3	/home/travis/Arduino/hardware/MegaCore/avr/libraries/Timer/examples/Events/Events.ino	MegaCore:avr:2560:bootloader=no_bootloader,pinout=mega_pinout,BOD=2v7,LTO=Os,clock=8MHz_external	1.6.13	4356	552	0	false	0	0		0	
2020-05-23 22:40:39	141	141.7	https://travis-ci.org/MCUdude/MegaCore/jobs/690460792	push		false	master	f211aad36f24c36739513055ce3b66ea42f6a9cb	5455918d82d1...f211aad36f24	Implement PROGMEM1, PROGMEM2 and PROGMEM3	/home/travis/Arduino/hardware/MegaCore/avr/libraries/Timer/examples/Pin_high_10_minutes/Pin_high_10_minutes.ino	MegaCore:avr:2560:bootloader=no_bootloader,pinout=mega_pinout,BOD=2v7,LTO=Os,clock=8MHz_external	1.6.13	2002	205	1	false	0	0		0	
2020-05-23 22:40:44	141	141.7	https://travis-ci.org/MCUdude/MegaCore/jobs/690460792	push		false	master	f211aad36f24c36739513055ce3b66ea42f6a9cb	5455918d82d1...f211aad36f24	Implement PROGMEM1, PROGMEM2 and PROGMEM3	/home/travis/Arduino/hardware/MegaCore/avr/libraries/Timer/examples/Multitasking/Multitasking.ino	MegaCore:avr:2560:bootloader=no_bootloader,pinout=mega_pinout,BOD=2v7,LTO=Os,clock=8MHz_external	1.6.13	3918	456	1	false	0	0		0	
2020-05-23 22:40:49	141	141.7	https://travis-ci.org/MCUdude/MegaCore/jobs/690460792	push		false	master	f211aad36f24c36739513055ce3b66ea42f6a9cb	5455918d82d1...f211aad36f24	Implement PROGMEM1, PROGMEM2 and PROGMEM3	/home/travis/Arduino/hardware/MegaCore/avr/libraries/Timer/examples/TimerTest/TimerTest.ino	MegaCore:avr:2560:bootloader=no_bootloader,pinout=mega_pinout,BOD=2v7,LTO=Os,clock=8MHz_external	1.6.13	1966	203	0	false	0	0		0	
2020-05-23 22:40:54	141	141.7	https://travis-ci.org/MCUdude/MegaCore/jobs/690460792	push		false	master	f211aad36f24c36739513055ce3b66ea42f6a9cb	5455918d82d1...f211aad36f24	Implement PROGMEM1, PROGMEM2 and PROGMEM3	/home/travis/Arduino/hardware/MegaCore/avr/libraries/SPI/examples/BarometricPressureSensor/BarometricPressureSensor.ino	MegaCore:avr:2560:bootloader=no_bootloader,pinout=mega_pinout,BOD=2v7,LTO=Os,clock=8MHz_external	1.6.13	7036	237	1	false	0	0		0	
2020-05-23 22:40:58	141	141.7	https://travis-ci.org/MCUdude/MegaCore/jobs/690460792	push		false	master	f211aad36f24c36739513055ce3b66ea42f6a9cb	5455918d82d1...f211aad36f24	Implement PROGMEM1, PROGMEM2 and PROGMEM3	/home/travis/Arduino/hardware/MegaCore/avr/libraries/SPI/examples/DigitalPotControl/DigitalPotControl.ino	MegaCore:avr:2560:bootloader=no_bootloader,pinout=mega_pinout,BOD=2v7,LTO=Os,clock=8MHz_external	1.6.13	1824	10	0	false	0	0		0	
2020-05-23 22:41:03	141	141.7	https://travis-ci.org/MCUdude/MegaCore/jobs/690460792	push		false	master	f211aad36f24c36739513055ce3b66ea42f6a9cb	5455918d82d1...f211aad36f24	Implement PROGMEM1, PROGMEM2 and PROGMEM3	/home/travis/Arduino/hardware/MegaCore/avr/libraries/Wire/examples/i2c_scanner/i2c_scanner.ino	MegaCore:avr:2560:bootloader=no_bootloader,pinout=mega_pinout,BOD=2v7,LTO=Os,clock=8MHz_external	1.6.13	4788	532	2	false	0	0		0	
2020-05-23 22:41:08	141	141.7	https://travis-ci.org/MCUdude/MegaCore/jobs/690460792	push		false	master	f211aad36f24c36739513055ce3b66ea42f6a9cb	5455918d82d1...f211aad36f24	Implement PROGMEM1, PROGMEM2 and PROGMEM3	/home/travis/Arduino/hardware/MegaCore/avr/libraries/Wire/examples/SFRRanger_reader/SFRRanger_reader.ino	MegaCore:avr:2560:bootloader=no_bootloader,pinout=mega_pinout,BOD=2v7,LTO=Os,clock=8MHz_external	1.6.13	5072	416	2	false	0	0		0	
2020-05-23 22:41:13	141	141.7	https://travis-ci.org/MCUdude/MegaCore/jobs/690460792	push		false	master	f211aad36f24c36739513055ce3b66ea42f6a9cb	5455918d82d1...f211aad36f24	Implement PROGMEM1, PROGMEM2 and PROGMEM3	/home/travis/Arduino/hardware/MegaCore/avr/libraries/Wire/examples/master_writer/master_writer.ino	MegaCore:avr:2560:bootloader=no_bootloader,pinout=mega_pinout,BOD=2v7,LTO=Os,clock=8MHz_external	1.6.13	3060	230	2	false	0	0		0	
2020-05-23 22:41:18	141	141.7	https://travis-ci.org/MCUdude/MegaCore/jobs/690460792	push		false	master	f211aad36f24c36739513055ce3b66ea42f6a9cb	5455918d82d1...f211aad36f24	Implement PROGMEM1, PROGMEM2 and PROGMEM3	/home/travis/Arduino/hardware/MegaCore/avr/libraries/Wire/examples/digital_potentiometer/digital_potentiometer.ino	MegaCore:avr:2560:bootloader=no_bootloader,pinout=mega_pinout,BOD=2v7,LTO=Os,clock=8MHz_external	1.6.13	3044	224	2	false	0	0		0	
2020-05-23 22:41:22	141	141.7	https://travis-ci.org/MCUdude/MegaCore/jobs/690460792	push		false	master	f211aad36f24c36739513055ce3b66ea42f6a9cb	5455918d82d1...f211aad36f24	Implement PROGMEM1, PROGMEM2 and PROGMEM3	/home/travis/Arduino/hardware/MegaCore/avr/libraries/Wire/examples/slave_receiver/slave_receiver.ino	MegaCore:avr:2560:bootloader=no_bootloader,pinout=mega_pinout,BOD=2v7,LTO=Os,clock=8MHz_external	1.6.13	4452	413	3	false	0	0		0	
2020-05-23 22:41:27	141	141.7	https://travis-ci.org/MCUdude/MegaCore/jobs/690460792	push		false	master	f211aad36f24c36739513055ce3b66ea42f6a9cb	5455918d82d1...f211aad36f24	Implement PROGMEM1, PROGMEM2 and PROGMEM3	/home/travis/Arduino/hardware/MegaCore/avr/libraries/Wire/examples/master_reader/master_reader.ino	MegaCore:avr:2560:bootloader=no_bootloader,pinout=mega_pinout,BOD=2v7,LTO=Os,clock=8MHz_external	1.6.13	4566	398	2	false	0	0		0	
2020-05-23 22:41:32	141	141.7	https://travis-ci.org/MCUdude/MegaCore/jobs/690460792	push		false	master	f211aad36f24c36739513055ce3b66ea42f6a9cb	5455918d82d1...f211aad36f24	Implement PROGMEM1, PROGMEM2 and PROGMEM3	/home/travis/Arduino/hardware/MegaCore/avr/libraries/Wire/examples/slave_sender/slave_sender.ino	MegaCore:avr:2560:bootloader=no_bootloader,pinout=mega_pinout,BOD=2v7,LTO=Os,clock=8MHz_external	1.6.13	2852	230	2	false	0	0		0	
2020-05-23 22:41:38	141	141.7	https://travis-ci.org/MCUdude/MegaCore/jobs/690460792	push		false	master	f211aad36f24c36739513055ce3b66ea42f6a9cb	5455918d82d1...f211aad36f24	Implement PROGMEM1, PROGMEM2 and PROGMEM3	/home/travis/Arduino/hardware/MegaCore/avr/libraries/Ethernet/examples/UDPSendReceiveString/UDPSendReceiveString.ino	MegaCore:avr:2560:bootloader=no_bootloader,pinout=mega_pinout,BOD=2v7,LTO=Os,clock=8MHz_external	1.8.6	11658	633	0	false	0	0		0	
2020-05-23 22:41:41	141	141.7	https://travis-ci.org/MCUdude/MegaCore/jobs/690460792	push		false	master	f211aad36f24c36739513055ce3b66ea42f6a9cb	5455918d82d1...f211aad36f24	Implement PROGMEM1, PROGMEM2 and PROGMEM3	/home/travis/Arduino/hardware/MegaCore/avr/libraries/Ethernet/examples/TwitterClient/TwitterClient.ino	MegaCore:avr:2560:bootloader=no_bootloader,pinout=mega_pinout,BOD=2v7,LTO=Os,clock=8MHz_external	1.8.6	18644	906	0	false	0	0		0	
2020-05-23 22:41:45	141	141.7	https://travis-ci.org/MCUdude/MegaCore/jobs/690460792	push		false	master	f211aad36f24c36739513055ce3b66ea42f6a9cb	5455918d82d1...f211aad36f24	Implement PROGMEM1, PROGMEM2 and PROGMEM3	/home/travis/Arduino/hardware/MegaCore/avr/libraries/Ethernet/examples/WebClientRepeating/WebClientRepeating.ino	MegaCore:avr:2560:bootloader=no_bootloader,pinout=mega_pinout,BOD=2v7,LTO=Os,clock=8MHz_external	1.8.6	17014	951	0	false	0	0		0	
2020-05-23 22:41:49	141	141.7	https://travis-ci.org/MCUdude/MegaCore/jobs/690460792	push		false	master	f211aad36f24c36739513055ce3b66ea42f6a9cb	5455918d82d1...f211aad36f24	Implement PROGMEM1, PROGMEM2 and PROGMEM3	/home/travis/Arduino/hardware/MegaCore/avr/libraries/Ethernet/examples/UdpNtpClient/UdpNtpClient.ino	MegaCore:avr:2560:bootloader=no_bootloader,pinout=mega_pinout,BOD=2v7,LTO=Os,clock=8MHz_external	1.8.6	15056	817	0	false	0	0		0	
2020-05-23 22:41:52	141	141.7	https://travis-ci.org/MCUdude/MegaCore/jobs/690460792	push		false	master	f211aad36f24c36739513055ce3b66ea42f6a9cb	5455918d82d1...f211aad36f24	Implement PROGMEM1, PROGMEM2 and PROGMEM3	/home/travis/Arduino/hardware/MegaCore/avr/libraries/Ethernet/examples/WebClient/WebClient.ino	MegaCore:avr:2560:bootloader=no_bootloader,pinout=mega_pinout,BOD=2v7,LTO=Os,clock=8MHz_external	1.8.6	18972	1001	0	false	0	0		0	
2020-05-23 22:41:56	141	141.7	https://travis-ci.org/MCUdude/MegaCore/jobs/690460792	push		false	master	f211aad36f24c36739513055ce3b66ea42f6a9cb	5455918d82d1...f211aad36f24	Implement PROGMEM1, PROGMEM2 and PROGMEM3	/home/travis/Arduino/hardware/MegaCore/avr/libraries/Ethernet/examples/ChatServer/ChatServer.ino	MegaCore:avr:2560:bootloader=no_bootloader,pinout=mega_pinout,BOD=2v7,LTO=Os,clock=8MHz_external	1.8.6	13566	663	0	false	0	0		0	
2020-05-23 22:41:59	141	141.7	https://travis-ci.org/MCUdude/MegaCore/jobs/690460792	push		false	master	f211aad36f24c36739513055ce3b66ea42f6a9cb	5455918d82d1...f211aad36f24	Implement PROGMEM1, PROGMEM2 and PROGMEM3	/home/travis/Arduino/hardware/MegaCore/avr/libraries/Ethernet/examples/DhcpAddressPrinter/DhcpAddressPrinter.ino	MegaCore:avr:2560:bootloader=no_bootloader,pinout=mega_pinout,BOD=2v7,LTO=Os,clock=8MHz_external	1.8.6	14764	784	0	false	0	0		0	
2020-05-23 22:42:03	141	141.7	https://travis-ci.org/MCUdude/MegaCore/jobs/690460792	push		false	master	f211aad36f24c36739513055ce3b66ea42f6a9cb	5455918d82d1...f211aad36f24	Implement PROGMEM1, PROGMEM2 and PROGMEM3	/home/travis/Arduino/hardware/MegaCore/avr/libraries/Ethernet/examples/XivelyClient/XivelyClient.ino	MegaCore:avr:2560:bootloader=no_bootloader,pinout=mega_pinout,BOD=2v7,LTO=Os,clock=8MHz_external	1.8.6	17360	866	0	false	0	0		0	
2020-05-23 22:42:07	141	141.7	https://travis-ci.org/MCUdude/MegaCore/jobs/690460792	push		false	master	f211aad36f24c36739513055ce3b66ea42f6a9cb	5455918d82d1...f211aad36f24	Implement PROGMEM1, PROGMEM2 and PROGMEM3	/home/travis/Arduino/hardware/MegaCore/avr/libraries/Ethernet/examples/XivelyClientString/XivelyClientString.ino	MegaCore:avr:2560:bootloader=no_bootloader,pinout=mega_pinout,BOD=2v7,LTO=Os,clock=8MHz_external	1.8.6	19094	886	0	false	0	0		0	
2020-05-23 22:42:10	141	141.7	https://travis-ci.org/MCUdude/MegaCore/jobs/690460792	push		false	master	f211aad36f24c36739513055ce3b66ea42f6a9cb	5455918d82d1...f211aad36f24	Implement PROGMEM1, PROGMEM2 and PROGMEM3	/home/travis/Arduino/hardware/MegaCore/avr/libraries/Ethernet/examples/LinkStatus/LinkStatus.ino	MegaCore:avr:2560:bootloader=no_bootloader,pinout=mega_pinout,BOD=2v7,LTO=Os,clock=8MHz_external	1.8.6	5154	306	0	false	0	0		0	
2020-05-23 22:42:14	141	141.7	https://travis-ci.org/MCUdude/MegaCore/jobs/690460792	push		false	master	f211aad36f24c36739513055ce3b66ea42f6a9cb	5455918d82d1...f211aad36f24	Implement PROGMEM1, PROGMEM2 and PROGMEM3	/home/travis/Arduino/hardware/MegaCore/avr/libraries/Ethernet/examples/BarometricPressureWebServer/BarometricPressureWebServer.ino	MegaCore:avr:2560:bootloader=no_bootloader,pinout=mega_pinout,BOD=2v7,LTO=Os,clock=8MHz_external	1.8.6	17956	724	2	false	0	0		0	
2020-05-23 22:42:18	141	141.7	https://travis-ci.org/MCUdude/MegaCore/jobs/690460792	push		false	master	f211aad36f24c36739513055ce3b66ea42f6a9cb	5455918d82d1...f211aad36f24	Implement PROGMEM1, PROGMEM2 and PROGMEM3	/home/travis/Arduino/hardware/MegaCore/avr/libraries/Ethernet/examples/DhcpChatServer/DhcpChatServer.ino	MegaCore:avr:2560:bootloader=no_bootloader,pinout=mega_pinout,BOD=2v7,LTO=Os,clock=8MHz_external	1.8.6	17712	851	0	false	0	0		0	
2020-05-23 22:42:21	141	141.7	https://travis-ci.org/MCUdude/MegaCore/jobs/690460792	push		false	master	f211aad36f24c36739513055ce3b66ea42f6a9cb	5455918d82d1...f211aad36f24	Implement PROGMEM1, PROGMEM2 and PROGMEM3	/home/travis/Arduino/hardware/MegaCore/avr/libraries/Ethernet/examples/WebServer/WebServer.ino	MegaCore:avr:2560:bootloader=no_bootloader,pinout=mega_pinout,BOD=2v7,LTO=Os,clock=8MHz_external	1.8.6	14552	786	0	false	0	0		0	
2020-05-23 22:42:25	141	141.7	https://travis-ci.org/MCUdude/MegaCore/jobs/690460792	push		false	master	f211aad36f24c36739513055ce3b66ea42f6a9cb	5455918d82d1...f211aad36f24	Implement PROGMEM1, PROGMEM2 and PROGMEM3	/home/travis/Arduino/hardware/MegaCore/avr/libraries/Ethernet/examples/TelnetClient/TelnetClient.ino	MegaCore:avr:2560:bootloader=no_bootloader,pinout=mega_pinout,BOD=2v7,LTO=Os,clock=8MHz_external	1.8.6	13196	643	0	false	0	0		0	
2020-05-23 22:42:28	141	141.7	https://travis-ci.org/MCUdude/MegaCore/jobs/690460792	push		false	master	f211aad36f24c36739513055ce3b66ea42f6a9cb	5455918d82d1...f211aad36f24	Implement PROGMEM1, PROGMEM2 and PROGMEM3	/home/travis/Arduino/hardware/MegaCore/avr/libraries/Ethernet/examples/PachubeClient/PachubeClient.ino	MegaCore:avr:2560:bootloader=no_bootloader,pinout=mega_pinout,BOD=2v7,LTO=Os,clock=8MHz_external	1.8.6	17362	868	0	false	0	0		0	
2020-05-23 22:42:32	141	141.7	https://travis-ci.org/MCUdude/MegaCore/jobs/690460792	push		false	master	f211aad36f24c36739513055ce3b66ea42f6a9cb	5455918d82d1...f211aad36f24	Implement PROGMEM1, PROGMEM2 and PROGMEM3	/home/travis/Arduino/hardware/MegaCore/avr/libraries/Ethernet/examples/PachubeClientString/PachubeClientString.ino	MegaCore:avr:2560:bootloader=no_bootloader,pinout=mega_pinout,BOD=2v7,LTO=Os,clock=8MHz_external	1.8.6	19096	888	0	false	0	0		0	
2020-05-23 22:42:36	141	141.7	https://travis-ci.org/MCUdude/MegaCore/jobs/690460792	push		false	master	f211aad36f24c36739513055ce3b66ea42f6a9cb	5455918d82d1...f211aad36f24	Implement PROGMEM1, PROGMEM2 and PROGMEM3	/home/travis/Arduino/hardware/MegaCore/avr/libraries/Ethernet/examples/AdvancedChatServer/AdvancedChatServer.ino	MegaCore:avr:2560:bootloader=no_bootloader,pinout=mega_pinout,BOD=2v7,LTO=Os,clock=8MHz_external	1.8.6	14346	812	0	false	0	0		0	
2020-05-23 22:42:39	141	141.7	https://travis-ci.org/MCUdude/MegaCore/jobs/690460792	push		false	master	f211aad36f24c36739513055ce3b66ea42f6a9cb	5455918d82d1...f211aad36f24	Implement PROGMEM1, PROGMEM2 and PROGMEM3	/home/travis/Arduino/hardware/MegaCore/avr/libraries/AVR_examples/examples/Blink_using_Timer0/Blink_using_Timer0.ino	MegaCore:avr:2560:bootloader=no_bootloader,pinout=mega_pinout,BOD=2v7,LTO=Os,clock=8MHz_external	1.8.6	364	3	0	false	0	0		0	
2020-05-23 22:42:41	141	141.7	https://travis-ci.org/MCUdude/MegaCore/jobs/690460792	push		false	master	f211aad36f24c36739513055ce3b66ea42f6a9cb	5455918d82d1...f211aad36f24	Implement PROGMEM1, PROGMEM2 and PROGMEM3	/home/travis/Arduino/hardware/MegaCore/avr/libraries/AVR_examples/examples/Read_port_write_port/Read_port_write_port.ino	MegaCore:avr:2560:bootloader=no_bootloader,pinout=mega_pinout,BOD=2v7,LTO=Os,clock=8MHz_external	1.8.6	266	0	0	false	0	0		0	
2020-05-23 22:42:44	141	141.7	https://travis-ci.org/MCUdude/MegaCore/jobs/690460792	push		false	master	f211aad36f24c36739513055ce3b66ea42f6a9cb	5455918d82d1...f211aad36f24	Implement PROGMEM1, PROGMEM2 and PROGMEM3	/home/travis/Arduino/hardware/MegaCore/avr/libraries/AVR_examples/examples/Measure_period_length/Measure_period_length.ino	MegaCore:avr:2560:bootloader=no_bootloader,pinout=mega_pinout,BOD=2v7,LTO=Os,clock=8MHz_external	1.8.6	1926	202	0	false	0	0		0	
2020-05-23 22:42:47	141	141.7	https://travis-ci.org/MCUdude/MegaCore/jobs/690460792	push		false	master	f211aad36f24c36739513055ce3b66ea42f6a9cb	5455918d82d1...f211aad36f24	Implement PROGMEM1, PROGMEM2 and PROGMEM3	/home/travis/Arduino/hardware/MegaCore/avr/libraries/AVR_examples/examples/Watch_dog_timer/Watch_dog_timer.ino	MegaCore:avr:2560:bootloader=no_bootloader,pinout=mega_pinout,BOD=2v7,LTO=Os,clock=8MHz_external	1.8.6	356	2	0	false	0	0		0	
2020-05-23 22:42:50	141	141.7	https://travis-ci.org/MCUdude/MegaCore/jobs/690460792	push		false	master	f211aad36f24c36739513055ce3b66ea42f6a9cb	5455918d82d1...f211aad36f24	Implement PROGMEM1, PROGMEM2 and PROGMEM3	/home/travis/Arduino/hardware/MegaCore/avr/libraries/AVR_examples/examples/Blink/Blink.ino	MegaCore:avr:2560:bootloader=no_bootloader,pinout=mega_pinout,BOD=2v7,LTO=Os,clock=8MHz_external	1.8.6	298	0	0	false	0	0		0	
2020-05-23 22:42:53	141	141.7	https://travis-ci.org/MCUdude/MegaCore/jobs/690460792	push		false	master	f211aad36f24c36739513055ce3b66ea42f6a9cb	5455918d82d1...f211aad36f24	Implement PROGMEM1, PROGMEM2 and PROGMEM3	/home/travis/Arduino/hardware/MegaCore/avr/libraries/SD/examples/Datalogger/Datalogger.ino	MegaCore:avr:2560:bootloader=no_bootloader,pinout=mega_pinout,BOD=2v7,LTO=Os,clock=8MHz_external	1.8.6	14122	945	5	false	0	0		0	
2020-05-23 22:42:57	141	141.7	https://travis-ci.org/MCUdude/MegaCore/jobs/690460792	push		false	master	f211aad36f24c36739513055ce3b66ea42f6a9cb	5455918d82d1...f211aad36f24	Implement PROGMEM1, PROGMEM2 and PROGMEM3	/home/travis/Arduino/hardware/MegaCore/avr/libraries/SD/examples/CardInfo/CardInfo.ino	MegaCore:avr:2560:bootloader=no_bootloader,pinout=mega_pinout,BOD=2v7,LTO=Os,clock=8MHz_external	1.8.6	11684	1364	5	false	0	0		0	
2020-05-23 22:43:00	141	141.7	https://travis-ci.org/MCUdude/MegaCore/jobs/690460792	push		false	master	f211aad36f24c36739513055ce3b66ea42f6a9cb	5455918d82d1...f211aad36f24	Implement PROGMEM1, PROGMEM2 and PROGMEM3	/home/travis/Arduino/hardware/MegaCore/avr/libraries/SD/examples/ReadWrite/ReadWrite.ino	MegaCore:avr:2560:bootloader=no_bootloader,pinout=mega_pinout,BOD=2v7,LTO=Os,clock=8MHz_external	1.8.6	13038	1014	5	false	0	0		0	
2020-05-23 22:43:04	141	141.7	https://travis-ci.org/MCUdude/MegaCore/jobs/690460792	push		false	master	f211aad36f24c36739513055ce3b66ea42f6a9cb	5455918d82d1...f211aad36f24	Implement PROGMEM1, PROGMEM2 and PROGMEM3	/home/travis/Arduino/hardware/MegaCore/avr/libraries/SD/examples/listfiles/listfiles.ino	MegaCore:avr:2560:bootloader=no_bootloader,pinout=mega_pinout,BOD=2v7,LTO=Os,clock=8MHz_external	1.8.6	13762	950	5	false	0	0		0	
2020-05-23 22:43:07	141	141.7	https://travis-ci.org/MCUdude/MegaCore/jobs/690460792	push		false	master	f211aad36f24c36739513055ce3b66ea42f6a9cb	5455918d82d1...f211aad36f24	Implement PROGMEM1, PROGMEM2 and PROGMEM3	/home/travis/Arduino/hardware/MegaCore/avr/libraries/SD/examples/DumpFile/DumpFile.ino	MegaCore:avr:2560:bootloader=no_bootloader,pinout=mega_pinout,BOD=2v7,LTO=Os,clock=8MHz_external	1.8.6	12778	943	5	false	0	0		0	
2020-05-23 22:43:11	141	141.7	https://travis-ci.org/MCUdude/MegaCore/jobs/690460792	push		false	master	f211aad36f24c36739513055ce3b66ea42f6a9cb	5455918d82d1...f211aad36f24	Implement PROGMEM1, PROGMEM2 and PROGMEM3	/home/travis/Arduino/hardware/MegaCore/avr/libraries/SD/examples/Files/Files.ino	MegaCore:avr:2560:bootloader=no_bootloader,pinout=mega_pinout,BOD=2v7,LTO=Os,clock=8MHz_external	1.8.6	13716	1048	5	false	0	0		0	
2020-05-23 22:43:14	141	141.7	https://travis-ci.org/MCUdude/MegaCore/jobs/690460792	push		false	master	f211aad36f24c36739513055ce3b66ea42f6a9cb	5455918d82d1...f211aad36f24	Implement PROGMEM1, PROGMEM2 and PROGMEM3	/home/travis/Arduino/hardware/MegaCore/avr/libraries/SoftwareSerial/examples/SoftwareSerialExample/SoftwareSerialExample.ino	MegaCore:avr:2560:bootloader=no_bootloader,pinout=mega_pinout,BOD=2v7,LTO=Os,clock=8MHz_external	1.8.6	5696	363	0	false	0	0		0	
2020-05-23 22:43:16	141	141.7	https://travis-ci.org/MCUdude/MegaCore/jobs/690460792	push		false	master	f211aad36f24c36739513055ce3b66ea42f6a9cb	5455918d82d1...f211aad36f24	Implement PROGMEM1, PROGMEM2 and PROGMEM3	/home/travis/Arduino/hardware/MegaCore/avr/libraries/SoftwareSerial/examples/TwoPortReceive/TwoPortReceive.ino	MegaCore:avr:2560:bootloader=no_bootloader,pinout=mega_pinout,BOD=2v7,LTO=Os,clock=8MHz_external	1.8.6	5768	404	0	false	0	0		0	
2020-05-23 22:43:19	141	141.7	https://travis-ci.org/MCUdude/MegaCore/jobs/690460792	push		false	master	f211aad36f24c36739513055ce3b66ea42f6a9cb	5455918d82d1...f211aad36f24	Implement PROGMEM1, PROGMEM2 and PROGMEM3	/home/travis/Arduino/hardware/MegaCore/avr/libraries/Servo/examples/Knob/Knob.ino	MegaCore:avr:2560:bootloader=no_bootloader,pinout=mega_pinout,BOD=2v7,LTO=Os,clock=8MHz_external	1.8.6	3650	167	0	false	0	0		0	
2020-05-23 22:43:22	141	141.7	https://travis-ci.org/MCUdude/MegaCore/jobs/690460792	push		false	master	f211aad36f24c36739513055ce3b66ea42f6a9cb	5455918d82d1...f211aad36f24	Implement PROGMEM1, PROGMEM2 and PROGMEM3	/home/travis/Arduino/hardware/MegaCore/avr/libraries/Servo/examples/Sweep/Sweep.ino	MegaCore:avr:2560:bootloader=no_bootloader,pinout=mega_pinout,BOD=2v7,LTO=Os,clock=8MHz_external	1.8.6	3556	163	0	false	0	0		0	
2020-05-23 22:43:25	141	141.7	https://travis-ci.org/MCUdude/MegaCore/jobs/690460792	push		false	master	f211aad36f24c36739513055ce3b66ea42f6a9cb	5455918d82d1...f211aad36f24	Implement PROGMEM1, PROGMEM2 and PROGMEM3	/home/travis/Arduino/hardware/MegaCore/avr/libraries/EEPROM/examples/eeprom_get/eeprom_get.ino	MegaCore:avr:2560:bootloader=no_bootloader,pinout=mega_pinout,BOD=2v7,LTO=Os,clock=8MHz_external	1.8.6	4054	258	0	false	0	0		0	
2020-05-23 22:43:27	141	141.7	https://travis-ci.org/MCUdude/MegaCore/jobs/690460792	push		false	master	f211aad36f24c36739513055ce3b66ea42f6a9cb	5455918d82d1...f211aad36f24	Implement PROGMEM1, PROGMEM2 and PROGMEM3	/home/travis/Arduino/hardware/MegaCore/avr/libraries/EEPROM/examples/eeprom_crc/eeprom_crc.ino	MegaCore:avr:2560:bootloader=no_bootloader,pinout=mega_pinout,BOD=2v7,LTO=Os,clock=8MHz_external	1.8.6	2692	312	0	false	0	0		0	
2020-05-23 22:43:30	141	141.7	https://travis-ci.org/MCUdude/MegaCore/jobs/690460792	push		false	master	f211aad36f24c36739513055ce3b66ea42f6a9cb	5455918d82d1...f211aad36f24	Implement PROGMEM1, PROGMEM2 and PROGMEM3	/home/travis/Arduino/hardware/MegaCore/avr/libraries/EEPROM/examples/eeprom_read/eeprom_read.ino	MegaCore:avr:2560:bootloader=no_bootloader,pinout=mega_pinout,BOD=2v7,LTO=Os,clock=8MHz_external	1.8.6	2470	205	0	false	0	0		0	
2020-05-23 22:43:33	141	141.7	https://travis-ci.org/MCUdude/MegaCore/jobs/690460792	push		false	master	f211aad36f24c36739513055ce3b66ea42f6a9cb	5455918d82d1...f211aad36f24	Implement PROGMEM1, PROGMEM2 and PROGMEM3	/home/travis/Arduino/hardware/MegaCore/avr/libraries/EEPROM/examples/eeprom_clear/eeprom_clear.ino	MegaCore:avr:2560:bootloader=no_bootloader,pinout=mega_pinout,BOD=2v7,LTO=Os,clock=8MHz_external	1.8.6	1300	9	0	false	0	0		0	
2020-05-23 22:43:36	141	141.7	https://travis-ci.org/MCUdude/MegaCore/jobs/690460792	push		false	master	f211aad36f24c36739513055ce3b66ea42f6a9cb	5455918d82d1...f211aad36f24	Implement PROGMEM1, PROGMEM2 and PROGMEM3	/home/travis/Arduino/hardware/MegaCore/avr/libraries/EEPROM/examples/eeprom_write/eeprom_write.ino	MegaCore:avr:2560:bootloader=no_bootloader,pinout=mega_pinout,BOD=2v7,LTO=Os,clock=8MHz_external	1.8.6	1042	13	0	false	0	0		0	
2020-05-23 22:43:39	141	141.7	https://travis-ci.org/MCUdude/MegaCore/jobs/690460792	push		false	master	f211aad36f24c36739513055ce3b66ea42f6a9cb	5455918d82d1...f211aad36f24	Implement PROGMEM1, PROGMEM2 and PROGMEM3	/home/travis/Arduino/hardware/MegaCore/avr/libraries/EEPROM/examples/eeprom_iteration/eeprom_iteration.ino	MegaCore:avr:2560:bootloader=no_bootloader,pinout=mega_pinout,BOD=2v7,LTO=Os,clock=8MHz_external	1.8.6	844	9	0	false	0	0		0	
2020-05-23 22:43:41	141	141.7	https://travis-ci.org/MCUdude/MegaCore/jobs/690460792	push		false	master	f211aad36f24c36739513055ce3b66ea42f6a9cb	5455918d82d1...f211aad36f24	Implement PROGMEM1, PROGMEM2 and PROGMEM3	/home/travis/Arduino/hardware/MegaCore/avr/libraries/EEPROM/examples/eeprom_update/eeprom_update.ino	MegaCore:avr:2560:bootloader=no_bootloader,pinout=mega_pinout,BOD=2v7,LTO=Os,clock=8MHz_external	1.8.6	1090	13	0	false	0	0		0	
2020-05-23 22:43:44	141	141.7	https://travis-ci.org/MCUdude/MegaCore/jobs/690460792	push		false	master	f211aad36f24c36739513055ce3b66ea42f6a9cb	5455918d82d1...f211aad36f24	Implement PROGMEM1, PROGMEM2 and PROGMEM3	/home/travis/Arduino/hardware/MegaCore/avr/libraries/EEPROM/examples/eeprom_put/eeprom_put.ino	MegaCore:avr:2560:bootloader=no_bootloader,pinout=mega_pinout,BOD=2v7,LTO=Os,clock=8MHz_external	1.8.6	2406	342	0	false	0	0		0	
2020-05-23 22:43:47	141	141.7	https://travis-ci.org/MCUdude/MegaCore/jobs/690460792	push		false	master	f211aad36f24c36739513055ce3b66ea42f6a9cb	5455918d82d1...f211aad36f24	Implement PROGMEM1, PROGMEM2 and PROGMEM3	/home/travis/Arduino/hardware/MegaCore/avr/libraries/Optiboot_flasher/examples/SerialReadWrite/SerialReadWrite.ino	MegaCore:avr:2560:bootloader=no_bootloader,pinout=mega_pinout,BOD=2v7,LTO=Os,clock=8MHz_external	1.8.6	7840	461	0	false	0	0		0	
2020-05-23 22:43:50	141	141.7	https://travis-ci.org/MCUdude/MegaCore/jobs/690460792	push		false	master	f211aad36f24c36739513055ce3b66ea42f6a9cb	5455918d82d1...f211aad36f24	Implement PROGMEM1, PROGMEM2 and PROGMEM3	/home/travis/Arduino/hardware/MegaCore/avr/libraries/Timer/examples/Events/Events.ino	MegaCore:avr:2560:bootloader=no_bootloader,pinout=mega_pinout,BOD=2v7,LTO=Os,clock=8MHz_external	1.8.6	4286	552	0	false	0	0		0	
2020-05-23 22:43:53	141	141.7	https://travis-ci.org/MCUdude/MegaCore/jobs/690460792	push		false	master	f211aad36f24c36739513055ce3b66ea42f6a9cb	5455918d82d1...f211aad36f24	Implement PROGMEM1, PROGMEM2 and PROGMEM3	/home/travis/Arduino/hardware/MegaCore/avr/libraries/Timer/examples/Pin_high_10_minutes/Pin_high_10_minutes.ino	MegaCore:avr:2560:bootloader=no_bootloader,pinout=mega_pinout,BOD=2v7,LTO=Os,clock=8MHz_external	1.8.6	1974	205	1	false	0	0		0	
2020-05-23 22:43:56	141	141.7	https://travis-ci.org/MCUdude/MegaCore/jobs/690460792	push		false	master	f211aad36f24c36739513055ce3b66ea42f6a9cb	5455918d82d1...f211aad36f24	Implement PROGMEM1, PROGMEM2 and PROGMEM3	/home/travis/Arduino/hardware/MegaCore/avr/libraries/Timer/examples/Multitasking/Multitasking.ino	MegaCore:avr:2560:bootloader=no_bootloader,pinout=mega_pinout,BOD=2v7,LTO=Os,clock=8MHz_external	1.8.6	3886	456	1	false	0	0		0	
2020-05-23 22:43:59	141	141.7	https://travis-ci.org/MCUdude/MegaCore/jobs/690460792	push		false	master	f211aad36f24c36739513055ce3b66ea42f6a9cb	5455918d82d1...f211aad36f24	Implement PROGMEM1, PROGMEM2 and PROGMEM3	/home/travis/Arduino/hardware/MegaCore/avr/libraries/Timer/examples/TimerTest/TimerTest.ino	MegaCore:avr:2560:bootloader=no_bootloader,pinout=mega_pinout,BOD=2v7,LTO=Os,clock=8MHz_external	1.8.6	1938	203	0	false	0	0		0	
2020-05-23 22:44:01	141	141.7	https://travis-ci.org/MCUdude/MegaCore/jobs/690460792	push		false	master	f211aad36f24c36739513055ce3b66ea42f6a9cb	5455918d82d1...f211aad36f24	Implement PROGMEM1, PROGMEM2 and PROGMEM3	/home/travis/Arduino/hardware/MegaCore/avr/libraries/SPI/examples/BarometricPressureSensor/BarometricPressureSensor.ino	MegaCore:avr:2560:bootloader=no_bootloader,pinout=mega_pinout,BOD=2v7,LTO=Os,clock=8MHz_external	1.8.6	6984	237	1	false	0	0		0	
2020-05-23 22:44:04	141	141.7	https://travis-ci.org/MCUdude/MegaCore/jobs/690460792	push		false	master	f211aad36f24c36739513055ce3b66ea42f6a9cb	5455918d82d1...f211aad36f24	Implement PROGMEM1, PROGMEM2 and PROGMEM3	/home/travis/Arduino/hardware/MegaCore/avr/libraries/SPI/examples/DigitalPotControl/DigitalPotControl.ino	MegaCore:avr:2560:bootloader=no_bootloader,pinout=mega_pinout,BOD=2v7,LTO=Os,clock=8MHz_external	1.8.6	1822	10	0	false	0	0		0	
2020-05-23 22:44:07	141	141.7	https://travis-ci.org/MCUdude/MegaCore/jobs/690460792	push		false	master	f211aad36f24c36739513055ce3b66ea42f6a9cb	5455918d82d1...f211aad36f24	Implement PROGMEM1, PROGMEM2 and PROGMEM3	/home/travis/Arduino/hardware/MegaCore/avr/libraries/Wire/examples/i2c_scanner/i2c_scanner.ino	MegaCore:avr:2560:bootloader=no_bootloader,pinout=mega_pinout,BOD=2v7,LTO=Os,clock=8MHz_external	1.8.6	4780	532	2	false	0	0		0	
2020-05-23 22:44:10	141	141.7	https://travis-ci.org/MCUdude/MegaCore/jobs/690460792	push		false	master	f211aad36f24c36739513055ce3b66ea42f6a9cb	5455918d82d1...f211aad36f24	Implement PROGMEM1, PROGMEM2 and PROGMEM3	/home/travis/Arduino/hardware/MegaCore/avr/libraries/Wire/examples/SFRRanger_reader/SFRRanger_reader.ino	MegaCore:avr:2560:bootloader=no_bootloader,pinout=mega_pinout,BOD=2v7,LTO=Os,clock=8MHz_external	1.8.6	5066	416	2	false	0	0		0	
2020-05-23 22:44:13	141	141.7	https://travis-ci.org/MCUdude/MegaCore/jobs/690460792	push		false	master	f211aad36f24c36739513055ce3b66ea42f6a9cb	5455918d82d1...f211aad36f24	Implement PROGMEM1, PROGMEM2 and PROGMEM3	/home/travis/Arduino/hardware/MegaCore/avr/libraries/Wire/examples/master_writer/master_writer.ino	MegaCore:avr:2560:bootloader=no_bootloader,pinout=mega_pinout,BOD=2v7,LTO=Os,clock=8MHz_external	1.8.6	3050	230	2	false	0	0		0	
2020-05-23 22:44:16	141	141.7	https://travis-ci.org/MCUdude/MegaCore/jobs/690460792	push		false	master	f211aad36f24c36739513055ce3b66ea42f6a9cb	5455918d82d1...f211aad36f24	Implement PROGMEM1, PROGMEM2 and PROGMEM3	/home/travis/Arduino/hardware/MegaCore/avr/libraries/Wire/examples/digital_potentiometer/digital_potentiometer.ino	MegaCore:avr:2560:bootloader=no_bootloader,pinout=mega_pinout,BOD=2v7,LTO=Os,clock=8MHz_external	1.8.6	3048	224	2	false	0	0		0	
2020-05-23 22:44:19	141	141.7	https://travis-ci.org/MCUdude/MegaCore/jobs/690460792	push		false	master	f211aad36f24c36739513055ce3b66ea42f6a9cb	5455918d82d1...f211aad36f24	Implement PROGMEM1, PROGMEM2 and PROGMEM3	/home/travis/Arduino/hardware/MegaCore/avr/libraries/Wire/examples/slave_receiver/slave_receiver.ino	MegaCore:avr:2560:bootloader=no_bootloader,pinout=mega_pinout,BOD=2v7,LTO=Os,clock=8MHz_external	1.8.6	4438	413	3	false	0	0		0	
2020-05-23 22:44:22	141	141.7	https://travis-ci.org/MCUdude/MegaCore/jobs/690460792	push		false	master	f211aad36f24c36739513055ce3b66ea42f6a9cb	5455918d82d1...f211aad36f24	Implement PROGMEM1, PROGMEM2 and PROGMEM3	/home/travis/Arduino/hardware/MegaCore/avr/libraries/Wire/examples/master_reader/master_reader.ino	MegaCore:avr:2560:bootloader=no_bootloader,pinout=mega_pinout,BOD=2v7,LTO=Os,clock=8MHz_external	1.8.6	4568	398	2	false	0	0		0	
2020-05-23 22:44:25	141	141.7	https://travis-ci.org/MCUdude/MegaCore/jobs/690460792	push		false	master	f211aad36f24c36739513055ce3b66ea42f6a9cb	5455918d82d1...f211aad36f24	Implement PROGMEM1, PROGMEM2 and PROGMEM3	/home/travis/Arduino/hardware/MegaCore/avr/libraries/Wire/examples/slave_sender/slave_sender.ino	MegaCore:avr:2560:bootloader=no_bootloader,pinout=mega_pinout,BOD=2v7,LTO=Os,clock=8MHz_external	1.8.6	2828	230	2	false	0	0		0	
2020-05-23 22:44:32	141	141.7	https://travis-ci.org/MCUdude/MegaCore/jobs/690460792	push		false	master	f211aad36f24c36739513055ce3b66ea42f6a9cb	5455918d82d1...f211aad36f24	Implement PROGMEM1, PROGMEM2 and PROGMEM3	/home/travis/Arduino/hardware/MegaCore/avr/libraries/Ethernet/examples/UDPSendReceiveString/UDPSendReceiveString.ino	MegaCore:avr:2560:bootloader=no_bootloader,pinout=mega_pinout,BOD=2v7,LTO=Os,clock=8MHz_external	1.8.12	11562	621	1	false	0	0		0	
2020-05-23 22:44:36	141	141.7	https://travis-ci.org/MCUdude/MegaCore/jobs/690460792	push		false	master	f211aad36f24c36739513055ce3b66ea42f6a9cb	5455918d82d1...f211aad36f24	Implement PROGMEM1, PROGMEM2 and PROGMEM3	/home/travis/Arduino/hardware/MegaCore/avr/libraries/Ethernet/examples/TwitterClient/TwitterClient.ino	MegaCore:avr:2560:bootloader=no_bootloader,pinout=mega_pinout,BOD=2v7,LTO=Os,clock=8MHz_external	1.8.12	18528	894	1	false	0	0		0	
2020-05-23 22:44:40	141	141.7	https://travis-ci.org/MCUdude/MegaCore/jobs/690460792	push		false	master	f211aad36f24c36739513055ce3b66ea42f6a9cb	5455918d82d1...f211aad36f24	Implement PROGMEM1, PROGMEM2 and PROGMEM3	/home/travis/Arduino/hardware/MegaCore/avr/libraries/Ethernet/examples/WebClientRepeating/WebClientRepeating.ino	MegaCore:avr:2560:bootloader=no_bootloader,pinout=mega_pinout,BOD=2v7,LTO=Os,clock=8MHz_external	1.8.12	16896	939	1	false	0	0		0	
2020-05-23 22:44:44	141	141.7	https://travis-ci.org/MCUdude/MegaCore/jobs/690460792	push		false	master	f211aad36f24c36739513055ce3b66ea42f6a9cb	5455918d82d1...f211aad36f24	Implement PROGMEM1, PROGMEM2 and PROGMEM3	/home/travis/Arduino/hardware/MegaCore/avr/libraries/Ethernet/examples/UdpNtpClient/UdpNtpClient.ino	MegaCore:avr:2560:bootloader=no_bootloader,pinout=mega_pinout,BOD=2v7,LTO=Os,clock=8MHz_external	1.8.12	14948	805	1	false	0	0		0	
2020-05-23 22:44:48	141	141.7	https://travis-ci.org/MCUdude/MegaCore/jobs/690460792	push		false	master	f211aad36f24c36739513055ce3b66ea42f6a9cb	5455918d82d1...f211aad36f24	Implement PROGMEM1, PROGMEM2 and PROGMEM3	/home/travis/Arduino/hardware/MegaCore/avr/libraries/Ethernet/examples/WebClient/WebClient.ino	MegaCore:avr:2560:bootloader=no_bootloader,pinout=mega_pinout,BOD=2v7,LTO=Os,clock=8MHz_external	1.8.12	18886	1001	1	false	0	0		0	
2020-05-23 22:44:53	141	141.7	https://travis-ci.org/MCUdude/MegaCore/jobs/690460792	push		false	master	f211aad36f24c36739513055ce3b66ea42f6a9cb	5455918d82d1...f211aad36f24	Implement PROGMEM1, PROGMEM2 and PROGMEM3	/home/travis/Arduino/hardware/MegaCore/avr/libraries/Ethernet/examples/ChatServer/ChatServer.ino	MegaCore:avr:2560:bootloader=no_bootloader,pinout=mega_pinout,BOD=2v7,LTO=Os,clock=8MHz_external	1.8.12	13466	651	1	false	0	0		0	
2020-05-23 22:44:57	141	141.7	https://travis-ci.org/MCUdude/MegaCore/jobs/690460792	push		false	master	f211aad36f24c36739513055ce3b66ea42f6a9cb	5455918d82d1...f211aad36f24	Implement PROGMEM1, PROGMEM2 and PROGMEM3	/home/travis/Arduino/hardware/MegaCore/avr/libraries/Ethernet/examples/DhcpAddressPrinter/DhcpAddressPrinter.ino	MegaCore:avr:2560:bootloader=no_bootloader,pinout=mega_pinout,BOD=2v7,LTO=Os,clock=8MHz_external	1.8.12	14660	772	1	false	0	0		0	
2020-05-23 22:45:01	141	141.7	https://travis-ci.org/MCUdude/MegaCore/jobs/690460792	push		false	master	f211aad36f24c36739513055ce3b66ea42f6a9cb	5455918d82d1...f211aad36f24	Implement PROGMEM1, PROGMEM2 and PROGMEM3	/home/travis/Arduino/hardware/MegaCore/avr/libraries/Ethernet/examples/XivelyClient/XivelyClient.ino	MegaCore:avr:2560:bootloader=no_bootloader,pinout=mega_pinout,BOD=2v7,LTO=Os,clock=8MHz_external	1.8.12	17236	854	1	false	0	0		0	
2020-05-23 22:45:05	141	141.7	https://travis-ci.org/MCUdude/MegaCore/jobs/690460792	push		false	master	f211aad36f24c36739513055ce3b66ea42f6a9cb	5455918d82d1...f211aad36f24	Implement PROGMEM1, PROGMEM2 and PROGMEM3	/home/travis/Arduino/hardware/MegaCore/avr/libraries/Ethernet/examples/XivelyClientString/XivelyClientString.ino	MegaCore:avr:2560:bootloader=no_bootloader,pinout=mega_pinout,BOD=2v7,LTO=Os,clock=8MHz_external	1.8.12	18960	874	1	false	0	0		0	
2020-05-23 22:45:09	141	141.7	https://travis-ci.org/MCUdude/MegaCore/jobs/690460792	push		false	master	f211aad36f24c36739513055ce3b66ea42f6a9cb	5455918d82d1...f211aad36f24	Implement PROGMEM1, PROGMEM2 and PROGMEM3	/home/travis/Arduino/hardware/MegaCore/avr/libraries/Ethernet/examples/LinkStatus/LinkStatus.ino	MegaCore:avr:2560:bootloader=no_bootloader,pinout=mega_pinout,BOD=2v7,LTO=Os,clock=8MHz_external	1.8.12	5102	294	1	false	0	0		0	
2020-05-23 22:45:13	141	141.7	https://travis-ci.org/MCUdude/MegaCore/jobs/690460792	push		false	master	f211aad36f24c36739513055ce3b66ea42f6a9cb	5455918d82d1...f211aad36f24	Implement PROGMEM1, PROGMEM2 and PROGMEM3	/home/travis/Arduino/hardware/MegaCore/avr/libraries/Ethernet/examples/BarometricPressureWebServer/BarometricPressureWebServer.ino	MegaCore:avr:2560:bootloader=no_bootloader,pinout=mega_pinout,BOD=2v7,LTO=Os,clock=8MHz_external	1.8.12	17848	724	3	false	0	0		0	
2020-05-23 22:45:18	141	141.7	https://travis-ci.org/MCUdude/MegaCore/jobs/690460792	push		false	master	f211aad36f24c36739513055ce3b66ea42f6a9cb	5455918d82d1...f211aad36f24	Implement PROGMEM1, PROGMEM2 and PROGMEM3	/home/travis/Arduino/hardware/MegaCore/avr/libraries/Ethernet/examples/DhcpChatServer/DhcpChatServer.ino	MegaCore:avr:2560:bootloader=no_bootloader,pinout=mega_pinout,BOD=2v7,LTO=Os,clock=8MHz_external	1.8.12	17610	839	1	false	0	0		0	
2020-05-23 22:45:22	141	141.7	https://travis-ci.org/MCUdude/MegaCore/jobs/690460792	push		false	master	f211aad36f24c36739513055ce3b66ea42f6a9cb	5455918d82d1...f211aad36f24	Implement PROGMEM1, PROGMEM2 and PROGMEM3	/home/travis/Arduino/hardware/MegaCore/avr/libraries/Ethernet/examples/WebServer/WebServer.ino	MegaCore:avr:2560:bootloader=no_bootloader,pinout=mega_pinout,BOD=2v7,LTO=Os,clock=8MHz_external	1.8.12	14440	774	1	false	0	0		0	
2020-05-23 22:45:26	141	141.7	https://travis-ci.org/MCUdude/MegaCore/jobs/690460792	push		false	master	f211aad36f24c36739513055ce3b66ea42f6a9cb	5455918d82d1...f211aad36f24	Implement PROGMEM1, PROGMEM2 and PROGMEM3	/home/travis/Arduino/hardware/MegaCore/avr/libraries/Ethernet/examples/TelnetClient/TelnetClient.ino	MegaCore:avr:2560:bootloader=no_bootloader,pinout=mega_pinout,BOD=2v7,LTO=Os,clock=8MHz_external	1.8.12	13068	631	1	false	0	0		0	
2020-05-23 22:45:30	141	141.7	https://travis-ci.org/MCUdude/MegaCore/jobs/690460792	push		false	master	f211aad36f24c36739513055ce3b66ea42f6a9cb	5455918d82d1...f211aad36f24	Implement PROGMEM1, PROGMEM2 and PROGMEM3	/home/travis/Arduino/hardware/MegaCore/avr/libraries/Ethernet/examples/PachubeClient/PachubeClient.ino	MegaCore:avr:2560:bootloader=no_bootloader,pinout=mega_pinout,BOD=2v7,LTO=Os,clock=8MHz_external	1.8.12	17238	856	1	false	0	0		0	
2020-05-23 22:45:34	141	141.7	https://travis-ci.org/MCUdude/MegaCore/jobs/690460792	push		false	master	f211aad36f24c36739513055ce3b66ea42f6a9cb	5455918d82d1...f211aad36f24	Implement PROGMEM1, PROGMEM2 and PROGMEM3	/home/travis/Arduino/hardware/MegaCore/avr/libraries/Ethernet/examples/PachubeClientString/PachubeClientString.ino	MegaCore:avr:2560:bootloader=no_bootloader,pinout=mega_pinout,BOD=2v7,LTO=Os,clock=8MHz_external	1.8.12	18962	876	1	false	0	0		0	
2020-05-23 22:45:39	141	141.7	https://travis-ci.org/MCUdude/MegaCore/jobs/690460792	push		false	master	f211aad36f24c36739513055ce3b66ea42f6a9cb	5455918d82d1...f211aad36f24	Implement PROGMEM1, PROGMEM2 and PROGMEM3	/home/travis/Arduino/hardware/MegaCore/avr/libraries/Ethernet/examples/AdvancedChatServer/AdvancedChatServer.ino	MegaCore:avr:2560:bootloader=no_bootloader,pinout=mega_pinout,BOD=2v7,LTO=Os,clock=8MHz_external	1.8.12	14304	800	1	false	0	0		0	
2020-05-23 22:45:42	141	141.7	https://travis-ci.org/MCUdude/MegaCore/jobs/690460792	push		false	master	f211aad36f24c36739513055ce3b66ea42f6a9cb	5455918d82d1...f211aad36f24	Implement PROGMEM1, PROGMEM2 and PROGMEM3	/home/travis/Arduino/hardware/MegaCore/avr/libraries/AVR_examples/examples/Blink_using_Timer0/Blink_using_Timer0.ino	MegaCore:avr:2560:bootloader=no_bootloader,pinout=mega_pinout,BOD=2v7,LTO=Os,clock=8MHz_external	1.8.12	364	3	0	false	0	0		0	
2020-05-23 22:45:45	141	141.7	https://travis-ci.org/MCUdude/MegaCore/jobs/690460792	push		false	master	f211aad36f24c36739513055ce3b66ea42f6a9cb	5455918d82d1...f211aad36f24	Implement PROGMEM1, PROGMEM2 and PROGMEM3	/home/travis/Arduino/hardware/MegaCore/avr/libraries/AVR_examples/examples/Read_port_write_port/Read_port_write_port.ino	MegaCore:avr:2560:bootloader=no_bootloader,pinout=mega_pinout,BOD=2v7,LTO=Os,clock=8MHz_external	1.8.12	266	0	0	false	0	0		0	
2020-05-23 22:45:48	141	141.7	https://travis-ci.org/MCUdude/MegaCore/jobs/690460792	push		false	master	f211aad36f24c36739513055ce3b66ea42f6a9cb	5455918d82d1...f211aad36f24	Implement PROGMEM1, PROGMEM2 and PROGMEM3	/home/travis/Arduino/hardware/MegaCore/avr/libraries/AVR_examples/examples/Measure_period_length/Measure_period_length.ino	MegaCore:avr:2560:bootloader=no_bootloader,pinout=mega_pinout,BOD=2v7,LTO=Os,clock=8MHz_external	1.8.12	1904	190	0	false	0	0		0	
2020-05-23 22:45:51	141	141.7	https://travis-ci.org/MCUdude/MegaCore/jobs/690460792	push		false	master	f211aad36f24c36739513055ce3b66ea42f6a9cb	5455918d82d1...f211aad36f24	Implement PROGMEM1, PROGMEM2 and PROGMEM3	/home/travis/Arduino/hardware/MegaCore/avr/libraries/AVR_examples/examples/Watch_dog_timer/Watch_dog_timer.ino	MegaCore:avr:2560:bootloader=no_bootloader,pinout=mega_pinout,BOD=2v7,LTO=Os,clock=8MHz_external	1.8.12	356	2	0	false	0	0		0	
2020-05-23 22:45:54	141	141.7	https://travis-ci.org/MCUdude/MegaCore/jobs/690460792	push		false	master	f211aad36f24c36739513055ce3b66ea42f6a9cb	5455918d82d1...f211aad36f24	Implement PROGMEM1, PROGMEM2 and PROGMEM3	/home/travis/Arduino/hardware/MegaCore/avr/libraries/AVR_examples/examples/Blink/Blink.ino	MegaCore:avr:2560:bootloader=no_bootloader,pinout=mega_pinout,BOD=2v7,LTO=Os,clock=8MHz_external	1.8.12	298	0	0	false	0	0		0	
2020-05-23 22:45:58	141	141.7	https://travis-ci.org/MCUdude/MegaCore/jobs/690460792	push		false	master	f211aad36f24c36739513055ce3b66ea42f6a9cb	5455918d82d1...f211aad36f24	Implement PROGMEM1, PROGMEM2 and PROGMEM3	/home/travis/Arduino/hardware/MegaCore/avr/libraries/SD/examples/Datalogger/Datalogger.ino	MegaCore:avr:2560:bootloader=no_bootloader,pinout=mega_pinout,BOD=2v7,LTO=Os,clock=8MHz_external	1.8.12	14038	933	5	false	0	0		0	
2020-05-23 22:46:02	141	141.7	https://travis-ci.org/MCUdude/MegaCore/jobs/690460792	push		false	master	f211aad36f24c36739513055ce3b66ea42f6a9cb	5455918d82d1...f211aad36f24	Implement PROGMEM1, PROGMEM2 and PROGMEM3	/home/travis/Arduino/hardware/MegaCore/avr/libraries/SD/examples/CardInfo/CardInfo.ino	MegaCore:avr:2560:bootloader=no_bootloader,pinout=mega_pinout,BOD=2v7,LTO=Os,clock=8MHz_external	1.8.12	11644	1352	5	false	0	0		0	
2020-05-23 22:46:06	141	141.7	https://travis-ci.org/MCUdude/MegaCore/jobs/690460792	push		false	master	f211aad36f24c36739513055ce3b66ea42f6a9cb	5455918d82d1...f211aad36f24	Implement PROGMEM1, PROGMEM2 and PROGMEM3	/home/travis/Arduino/hardware/MegaCore/avr/libraries/SD/examples/ReadWrite/ReadWrite.ino	MegaCore:avr:2560:bootloader=no_bootloader,pinout=mega_pinout,BOD=2v7,LTO=Os,clock=8MHz_external	1.8.12	12994	1002	5	false	0	0		0	
2020-05-23 22:46:10	141	141.7	https://travis-ci.org/MCUdude/MegaCore/jobs/690460792	push		false	master	f211aad36f24c36739513055ce3b66ea42f6a9cb	5455918d82d1...f211aad36f24	Implement PROGMEM1, PROGMEM2 and PROGMEM3	/home/travis/Arduino/hardware/MegaCore/avr/libraries/SD/examples/listfiles/listfiles.ino	MegaCore:avr:2560:bootloader=no_bootloader,pinout=mega_pinout,BOD=2v7,LTO=Os,clock=8MHz_external	1.8.12	13800	938	5	false	0	0		0	
2020-05-23 22:46:14	141	141.7	https://travis-ci.org/MCUdude/MegaCore/jobs/690460792	push		false	master	f211aad36f24c36739513055ce3b66ea42f6a9cb	5455918d82d1...f211aad36f24	Implement PROGMEM1, PROGMEM2 and PROGMEM3	/home/travis/Arduino/hardware/MegaCore/avr/libraries/SD/examples/DumpFile/DumpFile.ino	MegaCore:avr:2560:bootloader=no_bootloader,pinout=mega_pinout,BOD=2v7,LTO=Os,clock=8MHz_external	1.8.12	12734	931	5	false	0	0		0	
2020-05-23 22:46:18	141	141.7	https://travis-ci.org/MCUdude/MegaCore/jobs/690460792	push		false	master	f211aad36f24c36739513055ce3b66ea42f6a9cb	5455918d82d1...f211aad36f24	Implement PROGMEM1, PROGMEM2 and PROGMEM3	/home/travis/Arduino/hardware/MegaCore/avr/libraries/SD/examples/Files/Files.ino	MegaCore:avr:2560:bootloader=no_bootloader,pinout=mega_pinout,BOD=2v7,LTO=Os,clock=8MHz_external	1.8.12	13662	1036	5	false	0	0		0	
2020-05-23 22:46:21	141	141.7	https://travis-ci.org/MCUdude/MegaCore/jobs/690460792	push		false	master	f211aad36f24c36739513055ce3b66ea42f6a9cb	5455918d82d1...f211aad36f24	Implement PROGMEM1, PROGMEM2 and PROGMEM3	/home/travis/Arduino/hardware/MegaCore/avr/libraries/SoftwareSerial/examples/SoftwareSerialExample/SoftwareSerialExample.ino	MegaCore:avr:2560:bootloader=no_bootloader,pinout=mega_pinout,BOD=2v7,LTO=Os,clock=8MHz_external	1.8.12	5680	351	0	false	0	0		0	
2020-05-23 22:46:25	141	141.7	https://travis-ci.org/MCUdude/MegaCore/jobs/690460792	push		false	master	f211aad36f24c36739513055ce3b66ea42f6a9cb	5455918d82d1...f211aad36f24	Implement PROGMEM1, PROGMEM2 and PROGMEM3	/home/travis/Arduino/hardware/MegaCore/avr/libraries/SoftwareSerial/examples/TwoPortReceive/TwoPortReceive.ino	MegaCore:avr:2560:bootloader=no_bootloader,pinout=mega_pinout,BOD=2v7,LTO=Os,clock=8MHz_external	1.8.12	5756	392	0	false	0	0		0	
2020-05-23 22:46:28	141	141.7	https://travis-ci.org/MCUdude/MegaCore/jobs/690460792	push		false	master	f211aad36f24c36739513055ce3b66ea42f6a9cb	5455918d82d1...f211aad36f24	Implement PROGMEM1, PROGMEM2 and PROGMEM3	/home/travis/Arduino/hardware/MegaCore/avr/libraries/Servo/examples/Knob/Knob.ino	MegaCore:avr:2560:bootloader=no_bootloader,pinout=mega_pinout,BOD=2v7,LTO=Os,clock=8MHz_external	1.8.12	3604	167	0	false	0	0		0	
2020-05-23 22:46:31	141	141.7	https://travis-ci.org/MCUdude/MegaCore/jobs/690460792	push		false	master	f211aad36f24c36739513055ce3b66ea42f6a9cb	5455918d82d1...f211aad36f24	Implement PROGMEM1, PROGMEM2 and PROGMEM3	/home/travis/Arduino/hardware/MegaCore/avr/libraries/Servo/examples/Sweep/Sweep.ino	MegaCore:avr:2560:bootloader=no_bootloader,pinout=mega_pinout,BOD=2v7,LTO=Os,clock=8MHz_external	1.8.12	3516	163	0	false	0	0		0	
2020-05-23 22:46:34	141	141.7	https://travis-ci.org/MCUdude/MegaCore/jobs/690460792	push		false	master	f211aad36f24c36739513055ce3b66ea42f6a9cb	5455918d82d1...f211aad36f24	Implement PROGMEM1, PROGMEM2 and PROGMEM3	/home/travis/Arduino/hardware/MegaCore/avr/libraries/EEPROM/examples/eeprom_get/eeprom_get.ino	MegaCore:avr:2560:bootloader=no_bootloader,pinout=mega_pinout,BOD=2v7,LTO=Os,clock=8MHz_external	1.8.12	4044	258	0	false	0	0		0	
2020-05-23 22:46:37	141	141.7	https://travis-ci.org/MCUdude/MegaCore/jobs/690460792	push		false	master	f211aad36f24c36739513055ce3b66ea42f6a9cb	5455918d82d1...f211aad36f24	Implement PROGMEM1, PROGMEM2 and PROGMEM3	/home/travis/Arduino/hardware/MegaCore/avr/libraries/EEPROM/examples/eeprom_crc/eeprom_crc.ino	MegaCore:avr:2560:bootloader=no_bootloader,pinout=mega_pinout,BOD=2v7,LTO=Os,clock=8MHz_external	1.8.12	2666	300	0	false	0	0		0	
2020-05-23 22:46:41	141	141.7	https://travis-ci.org/MCUdude/MegaCore/jobs/690460792	push		false	master	f211aad36f24c36739513055ce3b66ea42f6a9cb	5455918d82d1...f211aad36f24	Implement PROGMEM1, PROGMEM2 and PROGMEM3	/home/travis/Arduino/hardware/MegaCore/avr/libraries/EEPROM/examples/eeprom_read/eeprom_read.ino	MegaCore:avr:2560:bootloader=no_bootloader,pinout=mega_pinout,BOD=2v7,LTO=Os,clock=8MHz_external	1.8.12	2436	193	0	false	0	0		0	
2020-05-23 22:46:44	141	141.7	https://travis-ci.org/MCUdude/MegaCore/jobs/690460792	push		false	master	f211aad36f24c36739513055ce3b66ea42f6a9cb	5455918d82d1...f211aad36f24	Implement PROGMEM1, PROGMEM2 and PROGMEM3	/home/travis/Arduino/hardware/MegaCore/avr/libraries/EEPROM/examples/eeprom_clear/eeprom_clear.ino	MegaCore:avr:2560:bootloader=no_bootloader,pinout=mega_pinout,BOD=2v7,LTO=Os,clock=8MHz_external	1.8.12	1296	9	0	false	0	0		0	
2020-05-23 22:46:47	141	141.7	https://travis-ci.org/MCUdude/MegaCore/jobs/690460792	push		false	master	f211aad36f24c36739513055ce3b66ea42f6a9cb	5455918d82d1...f211aad36f24	Implement PROGMEM1, PROGMEM2 and PROGMEM3	/home/travis/Arduino/hardware/MegaCore/avr/libraries/EEPROM/examples/eeprom_write/eeprom_write.ino	MegaCore:avr:2560:bootloader=no_bootloader,pinout=mega_pinout,BOD=2v7,LTO=Os,clock=8MHz_external	1.8.12	1030	13	0	false	0	0		0	
2020-05-23 22:46:50	141	141.7	https://travis-ci.org/MCUdude/MegaCore/jobs/690460792	push		false	master	f211aad36f24c36739513055ce3b66ea42f6a9cb	5455918d82d1...f211aad36f24	Implement PROGMEM1, PROGMEM2 and PROGMEM3	/home/travis/Arduino/hardware/MegaCore/avr/libraries/EEPROM/examples/eeprom_iteration/eeprom_iteration.ino	MegaCore:avr:2560:bootloader=no_bootloader,pinout=mega_pinout,BOD=2v7,LTO=Os,clock=8MHz_external	1.8.12	844	9	0	false	0	0		0	
2020-05-23 22:46:53	141	141.7	https://travis-ci.org/MCUdude/MegaCore/jobs/690460792	push		false	master	f211aad36f24c36739513055ce3b66ea42f6a9cb	5455918d82d1...f211aad36f24	Implement PROGMEM1, PROGMEM2 and PROGMEM3	/home/travis/Arduino/hardware/MegaCore/avr/libraries/EEPROM/examples/eeprom_update/eeprom_update.ino	MegaCore:avr:2560:bootloader=no_bootloader,pinout=mega_pinout,BOD=2v7,LTO=Os,clock=8MHz_external	1.8.12	1078	13	0	false	0	0		0	
2020-05-23 22:46:56	141	141.7	https://travis-ci.org/MCUdude/MegaCore/jobs/690460792	push		false	master	f211aad36f24c36739513055ce3b66ea42f6a9cb	5455918d82d1...f211aad36f24	Implement PROGMEM1, PROGMEM2 and PROGMEM3	/home/travis/Arduino/hardware/MegaCore/avr/libraries/EEPROM/examples/eeprom_put/eeprom_put.ino	MegaCore:avr:2560:bootloader=no_bootloader,pinout=mega_pinout,BOD=2v7,LTO=Os,clock=8MHz_external	1.8.12	2382	330	0	false	0	0		0	
2020-05-23 22:47:00	141	141.7	https://travis-ci.org/MCUdude/MegaCore/jobs/690460792	push		false	master	f211aad36f24c36739513055ce3b66ea42f6a9cb	5455918d82d1...f211aad36f24	Implement PROGMEM1, PROGMEM2 and PROGMEM3	/home/travis/Arduino/hardware/MegaCore/avr/libraries/Optiboot_flasher/examples/SerialReadWrite/SerialReadWrite.ino	MegaCore:avr:2560:bootloader=no_bootloader,pinout=mega_pinout,BOD=2v7,LTO=Os,clock=8MHz_external	1.8.12	7750	449	0	false	0	0		0	
2020-05-23 22:47:03	141	141.7	https://travis-ci.org/MCUdude/MegaCore/jobs/690460792	push		false	master	f211aad36f24c36739513055ce3b66ea42f6a9cb	5455918d82d1...f211aad36f24	Implement PROGMEM1, PROGMEM2 and PROGMEM3	/home/travis/Arduino/hardware/MegaCore/avr/libraries/Timer/examples/Events/Events.ino	MegaCore:avr:2560:bootloader=no_bootloader,pinout=mega_pinout,BOD=2v7,LTO=Os,clock=8MHz_external	1.8.12	4258	540	0	false	0	0		0	
2020-05-23 22:47:06	141	141.7	https://travis-ci.org/MCUdude/MegaCore/jobs/690460792	push		false	master	f211aad36f24c36739513055ce3b66ea42f6a9cb	5455918d82d1...f211aad36f24	Implement PROGMEM1, PROGMEM2 and PROGMEM3	/home/travis/Arduino/hardware/MegaCore/avr/libraries/Timer/examples/Pin_high_10_minutes/Pin_high_10_minutes.ino	MegaCore:avr:2560:bootloader=no_bootloader,pinout=mega_pinout,BOD=2v7,LTO=Os,clock=8MHz_external	1.8.12	1966	205	1	false	0	0		0	
2020-05-23 22:47:09	141	141.7	https://travis-ci.org/MCUdude/MegaCore/jobs/690460792	push		false	master	f211aad36f24c36739513055ce3b66ea42f6a9cb	5455918d82d1...f211aad36f24	Implement PROGMEM1, PROGMEM2 and PROGMEM3	/home/travis/Arduino/hardware/MegaCore/avr/libraries/Timer/examples/Multitasking/Multitasking.ino	MegaCore:avr:2560:bootloader=no_bootloader,pinout=mega_pinout,BOD=2v7,LTO=Os,clock=8MHz_external	1.8.12	3844	444	1	false	0	0		0	
2020-05-23 22:47:13	141	141.7	https://travis-ci.org/MCUdude/MegaCore/jobs/690460792	push		false	master	f211aad36f24c36739513055ce3b66ea42f6a9cb	5455918d82d1...f211aad36f24	Implement PROGMEM1, PROGMEM2 and PROGMEM3	/home/travis/Arduino/hardware/MegaCore/avr/libraries/Timer/examples/TimerTest/TimerTest.ino	MegaCore:avr:2560:bootloader=no_bootloader,pinout=mega_pinout,BOD=2v7,LTO=Os,clock=8MHz_external	1.8.12	1930	203	0	false	0	0		0	
2020-05-23 22:47:16	141	141.7	https://travis-ci.org/MCUdude/MegaCore/jobs/690460792	push		false	master	f211aad36f24c36739513055ce3b66ea42f6a9cb	5455918d82d1...f211aad36f24	Implement PROGMEM1, PROGMEM2 and PROGMEM3	/home/travis/Arduino/hardware/MegaCore/avr/libraries/SPI/examples/BarometricPressureSensor/BarometricPressureSensor.ino	MegaCore:avr:2560:bootloader=no_bootloader,pinout=mega_pinout,BOD=2v7,LTO=Os,clock=8MHz_external	1.8.12	6950	237	1	false	0	0		0	
2020-05-23 22:47:19	141	141.7	https://travis-ci.org/MCUdude/MegaCore/jobs/690460792	push		false	master	f211aad36f24c36739513055ce3b66ea42f6a9cb	5455918d82d1...f211aad36f24	Implement PROGMEM1, PROGMEM2 and PROGMEM3	/home/travis/Arduino/hardware/MegaCore/avr/libraries/SPI/examples/DigitalPotControl/DigitalPotControl.ino	MegaCore:avr:2560:bootloader=no_bootloader,pinout=mega_pinout,BOD=2v7,LTO=Os,clock=8MHz_external	1.8.12	1812	10	0	false	0	0		0	
2020-05-23 22:47:23	141	141.7	https://travis-ci.org/MCUdude/MegaCore/jobs/690460792	push		false	master	f211aad36f24c36739513055ce3b66ea42f6a9cb	5455918d82d1...f211aad36f24	Implement PROGMEM1, PROGMEM2 and PROGMEM3	/home/travis/Arduino/hardware/MegaCore/avr/libraries/Wire/examples/i2c_scanner/i2c_scanner.ino	MegaCore:avr:2560:bootloader=no_bootloader,pinout=mega_pinout,BOD=2v7,LTO=Os,clock=8MHz_external	1.8.12	4714	520	0	false	0	0		0	
2020-05-23 22:47:26	141	141.7	https://travis-ci.org/MCUdude/MegaCore/jobs/690460792	push		false	master	f211aad36f24c36739513055ce3b66ea42f6a9cb	5455918d82d1...f211aad36f24	Implement PROGMEM1, PROGMEM2 and PROGMEM3	/home/travis/Arduino/hardware/MegaCore/avr/libraries/Wire/examples/SFRRanger_reader/SFRRanger_reader.ino	MegaCore:avr:2560:bootloader=no_bootloader,pinout=mega_pinout,BOD=2v7,LTO=Os,clock=8MHz_external	1.8.12	4986	404	0	false	0	0		0	
2020-05-23 22:47:29	141	141.7	https://travis-ci.org/MCUdude/MegaCore/jobs/690460792	push		false	master	f211aad36f24c36739513055ce3b66ea42f6a9cb	5455918d82d1...f211aad36f24	Implement PROGMEM1, PROGMEM2 and PROGMEM3	/home/travis/Arduino/hardware/MegaCore/avr/libraries/Wire/examples/master_writer/master_writer.ino	MegaCore:avr:2560:bootloader=no_bootloader,pinout=mega_pinout,BOD=2v7,LTO=Os,clock=8MHz_external	1.8.12	3006	230	0	false	0	0		0	
2020-05-23 22:47:33	141	141.7	https://travis-ci.org/MCUdude/MegaCore/jobs/690460792	push		false	master	f211aad36f24c36739513055ce3b66ea42f6a9cb	5455918d82d1...f211aad36f24	Implement PROGMEM1, PROGMEM2 and PROGMEM3	/home/travis/Arduino/hardware/MegaCore/avr/libraries/Wire/examples/digital_potentiometer/digital_potentiometer.ino	MegaCore:avr:2560:bootloader=no_bootloader,pinout=mega_pinout,BOD=2v7,LTO=Os,clock=8MHz_external	1.8.12	3004	224	0	false	0	0		0	
2020-05-23 22:47:36	141	141.7	https://travis-ci.org/MCUdude/MegaCore/jobs/690460792	push		false	master	f211aad36f24c36739513055ce3b66ea42f6a9cb	5455918d82d1...f211aad36f24	Implement PROGMEM1, PROGMEM2 and PROGMEM3	/home/travis/Arduino/hardware/MegaCore/avr/libraries/Wire/examples/slave_receiver/slave_receiver.ino	MegaCore:avr:2560:bootloader=no_bootloader,pinout=mega_pinout,BOD=2v7,LTO=Os,clock=8MHz_external	1.8.12	4352	401	1	false	0	0		0	
2020-05-23 22:47:39	141	141.7	https://travis-ci.org/MCUdude/MegaCore/jobs/690460792	push		false	master	f211aad36f24c36739513055ce3b66ea42f6a9cb	5455918d82d1...f211aad36f24	Implement PROGMEM1, PROGMEM2 and PROGMEM3	/home/travis/Arduino/hardware/MegaCore/avr/libraries/Wire/examples/master_reader/master_reader.ino	MegaCore:avr:2560:bootloader=no_bootloader,pinout=mega_pinout,BOD=2v7,LTO=Os,clock=8MHz_external	1.8.12	4500	398	0	false	0	0		0	
2020-05-23 22:47:43	141	141.7	https://travis-ci.org/MCUdude/MegaCore/jobs/690460792	push		false	master	f211aad36f24c36739513055ce3b66ea42f6a9cb	5455918d82d1...f211aad36f24	Implement PROGMEM1, PROGMEM2 and PROGMEM3	/home/travis/Arduino/hardware/MegaCore/avr/libraries/Wire/examples/slave_sender/slave_sender.ino	MegaCore:avr:2560:bootloader=no_bootloader,pinout=mega_pinout,BOD=2v7,LTO=Os,clock=8MHz_external	1.8.12	2782	230	0	false	0	0		0	
