Build Timestamp (UTC)	Build	Job	Job URL	Build Trigger	Allow Job Failure	PR#	Branch	Commit	Commit Range	Commit Message	Sketch Filename	Board ID	IDE Version	Program Storage (bytes)	Dynamic Memory (bytes)	# Warnings	Allow Failure	Exit Status	# Board Issues	Board Issue	# Library Issues	Library Issue
2020-04-16 05:34:55	130	130.168	https://travis-ci.org/MCUdude/MegaCore/jobs/675461247	push		false	master	dded4adf7c545c857412ac5f8e32ef18f4892010	d68417a1a7c0...dded4adf7c54	Update MCUdude_corefiles to the latest version	/home/travis/Arduino/hardware/MegaCore/avr/libraries/Ethernet/examples/UDPSendReceiveString/UDPSendReceiveString.ino	MegaCore:avr:can32:bootloader=uart0,BOD=3v8,LTO=Os,clock=8MHz_external	1.6.7	12192	603	0	false	0	1	doesn't define a 'build.board' preference	0	
2020-04-16 05:35:01	130	130.168	https://travis-ci.org/MCUdude/MegaCore/jobs/675461247	push		false	master	dded4adf7c545c857412ac5f8e32ef18f4892010	d68417a1a7c0...dded4adf7c54	Update MCUdude_corefiles to the latest version	/home/travis/Arduino/hardware/MegaCore/avr/libraries/Ethernet/examples/TwitterClient/TwitterClient.ino	MegaCore:avr:can32:bootloader=uart0,BOD=3v8,LTO=Os,clock=8MHz_external	1.6.7	19464	872	0	false	0	1	doesn't define a 'build.board' preference	0	
2020-04-16 05:35:20	130	130.168	https://travis-ci.org/MCUdude/MegaCore/jobs/675461247	push		false	master	dded4adf7c545c857412ac5f8e32ef18f4892010	d68417a1a7c0...dded4adf7c54	Update MCUdude_corefiles to the latest version	/home/travis/Arduino/hardware/MegaCore/avr/libraries/Ethernet/examples/WebClientRepeating/WebClientRepeating.ino	MegaCore:avr:can32:bootloader=uart0,BOD=3v8,LTO=Os,clock=8MHz_external	1.6.7	17768	917	0	false	0	1	doesn't define a 'build.board' preference	0	
2020-04-16 05:35:25	130	130.168	https://travis-ci.org/MCUdude/MegaCore/jobs/675461247	push		false	master	dded4adf7c545c857412ac5f8e32ef18f4892010	d68417a1a7c0...dded4adf7c54	Update MCUdude_corefiles to the latest version	/home/travis/Arduino/hardware/MegaCore/avr/libraries/Ethernet/examples/UdpNtpClient/UdpNtpClient.ino	MegaCore:avr:can32:bootloader=uart0,BOD=3v8,LTO=Os,clock=8MHz_external	1.6.7	15512	783	0	false	0	1	doesn't define a 'build.board' preference	0	
2020-04-16 05:35:30	130	130.168	https://travis-ci.org/MCUdude/MegaCore/jobs/675461247	push		false	master	dded4adf7c545c857412ac5f8e32ef18f4892010	d68417a1a7c0...dded4adf7c54	Update MCUdude_corefiles to the latest version	/home/travis/Arduino/hardware/MegaCore/avr/libraries/Ethernet/examples/WebClient/WebClient.ino	MegaCore:avr:can32:bootloader=uart0,BOD=3v8,LTO=Os,clock=8MHz_external	1.6.7	19760	967	0	false	0	1	doesn't define a 'build.board' preference	0	
2020-04-16 05:35:35	130	130.168	https://travis-ci.org/MCUdude/MegaCore/jobs/675461247	push		false	master	dded4adf7c545c857412ac5f8e32ef18f4892010	d68417a1a7c0...dded4adf7c54	Update MCUdude_corefiles to the latest version	/home/travis/Arduino/hardware/MegaCore/avr/libraries/Ethernet/examples/ChatServer/ChatServer.ino	MegaCore:avr:can32:bootloader=uart0,BOD=3v8,LTO=Os,clock=8MHz_external	1.6.7	14442	629	0	false	0	1	doesn't define a 'build.board' preference	0	
2020-04-16 05:35:41	130	130.168	https://travis-ci.org/MCUdude/MegaCore/jobs/675461247	push		false	master	dded4adf7c545c857412ac5f8e32ef18f4892010	d68417a1a7c0...dded4adf7c54	Update MCUdude_corefiles to the latest version	/home/travis/Arduino/hardware/MegaCore/avr/libraries/Ethernet/examples/DhcpAddressPrinter/DhcpAddressPrinter.ino	MegaCore:avr:can32:bootloader=uart0,BOD=3v8,LTO=Os,clock=8MHz_external	1.6.7	15208	750	0	false	0	1	doesn't define a 'build.board' preference	0	
2020-04-16 05:35:46	130	130.168	https://travis-ci.org/MCUdude/MegaCore/jobs/675461247	push		false	master	dded4adf7c545c857412ac5f8e32ef18f4892010	d68417a1a7c0...dded4adf7c54	Update MCUdude_corefiles to the latest version	/home/travis/Arduino/hardware/MegaCore/avr/libraries/Ethernet/examples/XivelyClient/XivelyClient.ino	MegaCore:avr:can32:bootloader=uart0,BOD=3v8,LTO=Os,clock=8MHz_external	1.6.7	18086	832	0	false	0	1	doesn't define a 'build.board' preference	0	
2020-04-16 05:35:51	130	130.168	https://travis-ci.org/MCUdude/MegaCore/jobs/675461247	push		false	master	dded4adf7c545c857412ac5f8e32ef18f4892010	d68417a1a7c0...dded4adf7c54	Update MCUdude_corefiles to the latest version	/home/travis/Arduino/hardware/MegaCore/avr/libraries/Ethernet/examples/XivelyClientString/XivelyClientString.ino	MegaCore:avr:can32:bootloader=uart0,BOD=3v8,LTO=Os,clock=8MHz_external	1.6.7	19918	852	0	false	0	1	doesn't define a 'build.board' preference	0	
2020-04-16 05:35:57	130	130.168	https://travis-ci.org/MCUdude/MegaCore/jobs/675461247	push		false	master	dded4adf7c545c857412ac5f8e32ef18f4892010	d68417a1a7c0...dded4adf7c54	Update MCUdude_corefiles to the latest version	/home/travis/Arduino/hardware/MegaCore/avr/libraries/Ethernet/examples/LinkStatus/LinkStatus.ino	MegaCore:avr:can32:bootloader=uart0,BOD=3v8,LTO=Os,clock=8MHz_external	1.6.7	5116	314	0	false	0	1	doesn't define a 'build.board' preference	0	
2020-04-16 05:36:02	130	130.168	https://travis-ci.org/MCUdude/MegaCore/jobs/675461247	push		false	master	dded4adf7c545c857412ac5f8e32ef18f4892010	d68417a1a7c0...dded4adf7c54	Update MCUdude_corefiles to the latest version	/home/travis/Arduino/hardware/MegaCore/avr/libraries/Ethernet/examples/BarometricPressureWebServer/BarometricPressureWebServer.ino	MegaCore:avr:can32:bootloader=uart0,BOD=3v8,LTO=Os,clock=8MHz_external	1.6.7	18936	690	2	false	0	1	doesn't define a 'build.board' preference	0	
2020-04-16 05:36:07	130	130.168	https://travis-ci.org/MCUdude/MegaCore/jobs/675461247	push		false	master	dded4adf7c545c857412ac5f8e32ef18f4892010	d68417a1a7c0...dded4adf7c54	Update MCUdude_corefiles to the latest version	/home/travis/Arduino/hardware/MegaCore/avr/libraries/Ethernet/examples/DhcpChatServer/DhcpChatServer.ino	MegaCore:avr:can32:bootloader=uart0,BOD=3v8,LTO=Os,clock=8MHz_external	1.6.7	18484	813	0	false	0	1	doesn't define a 'build.board' preference	0	
2020-04-16 05:36:12	130	130.168	https://travis-ci.org/MCUdude/MegaCore/jobs/675461247	push		false	master	dded4adf7c545c857412ac5f8e32ef18f4892010	d68417a1a7c0...dded4adf7c54	Update MCUdude_corefiles to the latest version	/home/travis/Arduino/hardware/MegaCore/avr/libraries/Ethernet/examples/WebServer/WebServer.ino	MegaCore:avr:can32:bootloader=uart0,BOD=3v8,LTO=Os,clock=8MHz_external	1.6.7	15394	752	0	false	0	1	doesn't define a 'build.board' preference	0	
2020-04-16 05:36:18	130	130.168	https://travis-ci.org/MCUdude/MegaCore/jobs/675461247	push		false	master	dded4adf7c545c857412ac5f8e32ef18f4892010	d68417a1a7c0...dded4adf7c54	Update MCUdude_corefiles to the latest version	/home/travis/Arduino/hardware/MegaCore/avr/libraries/Ethernet/examples/TelnetClient/TelnetClient.ino	MegaCore:avr:can32:bootloader=uart0,BOD=3v8,LTO=Os,clock=8MHz_external	1.6.7	14042	613	0	false	0	1	doesn't define a 'build.board' preference	0	
2020-04-16 05:36:23	130	130.168	https://travis-ci.org/MCUdude/MegaCore/jobs/675461247	push		false	master	dded4adf7c545c857412ac5f8e32ef18f4892010	d68417a1a7c0...dded4adf7c54	Update MCUdude_corefiles to the latest version	/home/travis/Arduino/hardware/MegaCore/avr/libraries/Ethernet/examples/PachubeClient/PachubeClient.ino	MegaCore:avr:can32:bootloader=uart0,BOD=3v8,LTO=Os,clock=8MHz_external	1.6.7	18088	834	0	false	0	1	doesn't define a 'build.board' preference	0	
2020-04-16 05:36:28	130	130.168	https://travis-ci.org/MCUdude/MegaCore/jobs/675461247	push		false	master	dded4adf7c545c857412ac5f8e32ef18f4892010	d68417a1a7c0...dded4adf7c54	Update MCUdude_corefiles to the latest version	/home/travis/Arduino/hardware/MegaCore/avr/libraries/Ethernet/examples/PachubeClientString/PachubeClientString.ino	MegaCore:avr:can32:bootloader=uart0,BOD=3v8,LTO=Os,clock=8MHz_external	1.6.7	19920	854	0	false	0	1	doesn't define a 'build.board' preference	0	
2020-04-16 05:36:33	130	130.168	https://travis-ci.org/MCUdude/MegaCore/jobs/675461247	push		false	master	dded4adf7c545c857412ac5f8e32ef18f4892010	d68417a1a7c0...dded4adf7c54	Update MCUdude_corefiles to the latest version	/home/travis/Arduino/hardware/MegaCore/avr/libraries/Ethernet/examples/AdvancedChatServer/AdvancedChatServer.ino	MegaCore:avr:can32:bootloader=uart0,BOD=3v8,LTO=Os,clock=8MHz_external	1.6.7	15184	778	0	false	0	1	doesn't define a 'build.board' preference	0	
2020-04-16 05:36:37	130	130.168	https://travis-ci.org/MCUdude/MegaCore/jobs/675461247	push		false	master	dded4adf7c545c857412ac5f8e32ef18f4892010	d68417a1a7c0...dded4adf7c54	Update MCUdude_corefiles to the latest version	/home/travis/Arduino/hardware/MegaCore/avr/libraries/AVR_examples/examples/Blink_using_Timer0/Blink_using_Timer0.ino	MegaCore:avr:can32:bootloader=uart0,BOD=3v8,LTO=Os,clock=8MHz_external	1.6.7	286	3	0	false	0	1	doesn't define a 'build.board' preference	0	
2020-04-16 05:36:42	130	130.168	https://travis-ci.org/MCUdude/MegaCore/jobs/675461247	push		false	master	dded4adf7c545c857412ac5f8e32ef18f4892010	d68417a1a7c0...dded4adf7c54	Update MCUdude_corefiles to the latest version	/home/travis/Arduino/hardware/MegaCore/avr/libraries/AVR_examples/examples/Read_port_write_port/Read_port_write_port.ino	MegaCore:avr:can32:bootloader=uart0,BOD=3v8,LTO=Os,clock=8MHz_external	1.6.7	188	0	0	false	0	1	doesn't define a 'build.board' preference	0	
2020-04-16 05:36:46	130	130.168	https://travis-ci.org/MCUdude/MegaCore/jobs/675461247	push		false	master	dded4adf7c545c857412ac5f8e32ef18f4892010	d68417a1a7c0...dded4adf7c54	Update MCUdude_corefiles to the latest version	/home/travis/Arduino/hardware/MegaCore/avr/libraries/AVR_examples/examples/Measure_period_length/Measure_period_length.ino	MegaCore:avr:can32:bootloader=uart0,BOD=3v8,LTO=Os,clock=8MHz_external	1.6.7	1912	200	0	false	0	1	doesn't define a 'build.board' preference	0	
2020-04-16 05:36:50	130	130.168	https://travis-ci.org/MCUdude/MegaCore/jobs/675461247	push		false	master	dded4adf7c545c857412ac5f8e32ef18f4892010	d68417a1a7c0...dded4adf7c54	Update MCUdude_corefiles to the latest version	/home/travis/Arduino/hardware/MegaCore/avr/libraries/AVR_examples/examples/Watch_dog_timer/Watch_dog_timer.ino	MegaCore:avr:can32:bootloader=uart0,BOD=3v8,LTO=Os,clock=8MHz_external	1.6.7	280	2	0	false	0	1	doesn't define a 'build.board' preference	0	
2020-04-16 05:36:54	130	130.168	https://travis-ci.org/MCUdude/MegaCore/jobs/675461247	push		false	master	dded4adf7c545c857412ac5f8e32ef18f4892010	d68417a1a7c0...dded4adf7c54	Update MCUdude_corefiles to the latest version	/home/travis/Arduino/hardware/MegaCore/avr/libraries/AVR_examples/examples/Blink/Blink.ino	MegaCore:avr:can32:bootloader=uart0,BOD=3v8,LTO=Os,clock=8MHz_external	1.6.7	220	0	0	false	0	1	doesn't define a 'build.board' preference	0	
2020-04-16 05:36:59	130	130.168	https://travis-ci.org/MCUdude/MegaCore/jobs/675461247	push		false	master	dded4adf7c545c857412ac5f8e32ef18f4892010	d68417a1a7c0...dded4adf7c54	Update MCUdude_corefiles to the latest version	/home/travis/Arduino/hardware/MegaCore/avr/libraries/SD/examples/Datalogger/Datalogger.ino	MegaCore:avr:can32:bootloader=uart0,BOD=3v8,LTO=Os,clock=8MHz_external	1.6.7	14244	937	5	false	0	1	doesn't define a 'build.board' preference	0	
2020-04-16 05:37:04	130	130.168	https://travis-ci.org/MCUdude/MegaCore/jobs/675461247	push		false	master	dded4adf7c545c857412ac5f8e32ef18f4892010	d68417a1a7c0...dded4adf7c54	Update MCUdude_corefiles to the latest version	/home/travis/Arduino/hardware/MegaCore/avr/libraries/SD/examples/CardInfo/CardInfo.ino	MegaCore:avr:can32:bootloader=uart0,BOD=3v8,LTO=Os,clock=8MHz_external	1.6.7	11720	1364	5	false	0	1	doesn't define a 'build.board' preference	0	
2020-04-16 05:37:09	130	130.168	https://travis-ci.org/MCUdude/MegaCore/jobs/675461247	push		false	master	dded4adf7c545c857412ac5f8e32ef18f4892010	d68417a1a7c0...dded4adf7c54	Update MCUdude_corefiles to the latest version	/home/travis/Arduino/hardware/MegaCore/avr/libraries/SD/examples/ReadWrite/ReadWrite.ino	MegaCore:avr:can32:bootloader=uart0,BOD=3v8,LTO=Os,clock=8MHz_external	1.6.7	13148	1006	5	false	0	1	doesn't define a 'build.board' preference	0	
2020-04-16 05:37:14	130	130.168	https://travis-ci.org/MCUdude/MegaCore/jobs/675461247	push		false	master	dded4adf7c545c857412ac5f8e32ef18f4892010	d68417a1a7c0...dded4adf7c54	Update MCUdude_corefiles to the latest version	/home/travis/Arduino/hardware/MegaCore/avr/libraries/SD/examples/listfiles/listfiles.ino	MegaCore:avr:can32:bootloader=uart0,BOD=3v8,LTO=Os,clock=8MHz_external	1.6.7	13882	942	5	false	0	1	doesn't define a 'build.board' preference	0	
2020-04-16 05:37:19	130	130.168	https://travis-ci.org/MCUdude/MegaCore/jobs/675461247	push		false	master	dded4adf7c545c857412ac5f8e32ef18f4892010	d68417a1a7c0...dded4adf7c54	Update MCUdude_corefiles to the latest version	/home/travis/Arduino/hardware/MegaCore/avr/libraries/SD/examples/DumpFile/DumpFile.ino	MegaCore:avr:can32:bootloader=uart0,BOD=3v8,LTO=Os,clock=8MHz_external	1.6.7	12822	935	5	false	0	1	doesn't define a 'build.board' preference	0	
2020-04-16 05:37:24	130	130.168	https://travis-ci.org/MCUdude/MegaCore/jobs/675461247	push		false	master	dded4adf7c545c857412ac5f8e32ef18f4892010	d68417a1a7c0...dded4adf7c54	Update MCUdude_corefiles to the latest version	/home/travis/Arduino/hardware/MegaCore/avr/libraries/SD/examples/Files/Files.ino	MegaCore:avr:can32:bootloader=uart0,BOD=3v8,LTO=Os,clock=8MHz_external	1.6.7	13738	1040	5	false	0	1	doesn't define a 'build.board' preference	0	
2020-04-16 05:37:29	130	130.168	https://travis-ci.org/MCUdude/MegaCore/jobs/675461247	push		false	master	dded4adf7c545c857412ac5f8e32ef18f4892010	d68417a1a7c0...dded4adf7c54	Update MCUdude_corefiles to the latest version	/home/travis/Arduino/hardware/MegaCore/avr/libraries/SoftwareSerial/examples/SoftwareSerialExample/SoftwareSerialExample.ino	MegaCore:avr:can32:bootloader=uart0,BOD=3v8,LTO=Os,clock=8MHz_external	1.6.7	4764	359	0	false	0	1	doesn't define a 'build.board' preference	0	
2020-04-16 05:37:33	130	130.168	https://travis-ci.org/MCUdude/MegaCore/jobs/675461247	push		false	master	dded4adf7c545c857412ac5f8e32ef18f4892010	d68417a1a7c0...dded4adf7c54	Update MCUdude_corefiles to the latest version	/home/travis/Arduino/hardware/MegaCore/avr/libraries/SoftwareSerial/examples/TwoPortReceive/TwoPortReceive.ino	MegaCore:avr:can32:bootloader=uart0,BOD=3v8,LTO=Os,clock=8MHz_external	1.6.7	4864	400	0	false	0	1	doesn't define a 'build.board' preference	0	
2020-04-16 05:37:37	130	130.168	https://travis-ci.org/MCUdude/MegaCore/jobs/675461247	push		false	master	dded4adf7c545c857412ac5f8e32ef18f4892010	d68417a1a7c0...dded4adf7c54	Update MCUdude_corefiles to the latest version	/home/travis/Arduino/hardware/MegaCore/avr/libraries/Servo/examples/Knob/Knob.ino	MegaCore:avr:can32:bootloader=uart0,BOD=3v8,LTO=Os,clock=8MHz_external	1.6.7	2890	60	0	false	0	1	doesn't define a 'build.board' preference	0	
2020-04-16 05:37:42	130	130.168	https://travis-ci.org/MCUdude/MegaCore/jobs/675461247	push		false	master	dded4adf7c545c857412ac5f8e32ef18f4892010	d68417a1a7c0...dded4adf7c54	Update MCUdude_corefiles to the latest version	/home/travis/Arduino/hardware/MegaCore/avr/libraries/Servo/examples/Sweep/Sweep.ino	MegaCore:avr:can32:bootloader=uart0,BOD=3v8,LTO=Os,clock=8MHz_external	1.6.7	2810	56	0	false	0	1	doesn't define a 'build.board' preference	0	
2020-04-16 05:37:46	130	130.168	https://travis-ci.org/MCUdude/MegaCore/jobs/675461247	push		false	master	dded4adf7c545c857412ac5f8e32ef18f4892010	d68417a1a7c0...dded4adf7c54	Update MCUdude_corefiles to the latest version	/home/travis/Arduino/hardware/MegaCore/avr/libraries/EEPROM/examples/eeprom_get/eeprom_get.ino	MegaCore:avr:can32:bootloader=uart0,BOD=3v8,LTO=Os,clock=8MHz_external	1.6.7	4002	256	0	false	0	1	doesn't define a 'build.board' preference	0	
2020-04-16 05:37:50	130	130.168	https://travis-ci.org/MCUdude/MegaCore/jobs/675461247	push		false	master	dded4adf7c545c857412ac5f8e32ef18f4892010	d68417a1a7c0...dded4adf7c54	Update MCUdude_corefiles to the latest version	/home/travis/Arduino/hardware/MegaCore/avr/libraries/EEPROM/examples/eeprom_crc/eeprom_crc.ino	MegaCore:avr:can32:bootloader=uart0,BOD=3v8,LTO=Os,clock=8MHz_external	1.6.7	2606	310	0	false	0	1	doesn't define a 'build.board' preference	0	
2020-04-16 05:37:54	130	130.168	https://travis-ci.org/MCUdude/MegaCore/jobs/675461247	push		false	master	dded4adf7c545c857412ac5f8e32ef18f4892010	d68417a1a7c0...dded4adf7c54	Update MCUdude_corefiles to the latest version	/home/travis/Arduino/hardware/MegaCore/avr/libraries/EEPROM/examples/eeprom_read/eeprom_read.ino	MegaCore:avr:can32:bootloader=uart0,BOD=3v8,LTO=Os,clock=8MHz_external	1.6.7	2370	203	0	false	0	1	doesn't define a 'build.board' preference	0	
2020-04-16 05:37:59	130	130.168	https://travis-ci.org/MCUdude/MegaCore/jobs/675461247	push		false	master	dded4adf7c545c857412ac5f8e32ef18f4892010	d68417a1a7c0...dded4adf7c54	Update MCUdude_corefiles to the latest version	/home/travis/Arduino/hardware/MegaCore/avr/libraries/EEPROM/examples/eeprom_clear/eeprom_clear.ino	MegaCore:avr:can32:bootloader=uart0,BOD=3v8,LTO=Os,clock=8MHz_external	1.6.7	992	9	0	false	0	1	doesn't define a 'build.board' preference	0	
2020-04-16 05:38:03	130	130.168	https://travis-ci.org/MCUdude/MegaCore/jobs/675461247	push		false	master	dded4adf7c545c857412ac5f8e32ef18f4892010	d68417a1a7c0...dded4adf7c54	Update MCUdude_corefiles to the latest version	/home/travis/Arduino/hardware/MegaCore/avr/libraries/EEPROM/examples/eeprom_write/eeprom_write.ino	MegaCore:avr:can32:bootloader=uart0,BOD=3v8,LTO=Os,clock=8MHz_external	1.6.7	898	13	0	false	0	1	doesn't define a 'build.board' preference	0	
2020-04-16 05:38:07	130	130.168	https://travis-ci.org/MCUdude/MegaCore/jobs/675461247	push		false	master	dded4adf7c545c857412ac5f8e32ef18f4892010	d68417a1a7c0...dded4adf7c54	Update MCUdude_corefiles to the latest version	/home/travis/Arduino/hardware/MegaCore/avr/libraries/EEPROM/examples/eeprom_iteration/eeprom_iteration.ino	MegaCore:avr:can32:bootloader=uart0,BOD=3v8,LTO=Os,clock=8MHz_external	1.6.7	736	9	0	false	0	1	doesn't define a 'build.board' preference	0	
2020-04-16 05:38:12	130	130.168	https://travis-ci.org/MCUdude/MegaCore/jobs/675461247	push		false	master	dded4adf7c545c857412ac5f8e32ef18f4892010	d68417a1a7c0...dded4adf7c54	Update MCUdude_corefiles to the latest version	/home/travis/Arduino/hardware/MegaCore/avr/libraries/EEPROM/examples/eeprom_update/eeprom_update.ino	MegaCore:avr:can32:bootloader=uart0,BOD=3v8,LTO=Os,clock=8MHz_external	1.6.7	948	13	0	false	0	1	doesn't define a 'build.board' preference	0	
2020-04-16 05:38:16	130	130.168	https://travis-ci.org/MCUdude/MegaCore/jobs/675461247	push		false	master	dded4adf7c545c857412ac5f8e32ef18f4892010	d68417a1a7c0...dded4adf7c54	Update MCUdude_corefiles to the latest version	/home/travis/Arduino/hardware/MegaCore/avr/libraries/EEPROM/examples/eeprom_put/eeprom_put.ino	MegaCore:avr:can32:bootloader=uart0,BOD=3v8,LTO=Os,clock=8MHz_external	1.6.7	2302	340	0	false	0	1	doesn't define a 'build.board' preference	0	
2020-04-16 05:38:20	130	130.168	https://travis-ci.org/MCUdude/MegaCore/jobs/675461247	push		false	master	dded4adf7c545c857412ac5f8e32ef18f4892010	d68417a1a7c0...dded4adf7c54	Update MCUdude_corefiles to the latest version	/home/travis/Arduino/hardware/MegaCore/avr/libraries/Optiboot_flasher/examples/SerialReadWrite/SerialReadWrite.ino	MegaCore:avr:can32:bootloader=uart0,BOD=3v8,LTO=Os,clock=8MHz_external	1.6.7	7738	465	0	false	0	1	doesn't define a 'build.board' preference	0	
2020-04-16 05:38:24	130	130.168	https://travis-ci.org/MCUdude/MegaCore/jobs/675461247	push		false	master	dded4adf7c545c857412ac5f8e32ef18f4892010	d68417a1a7c0...dded4adf7c54	Update MCUdude_corefiles to the latest version	/home/travis/Arduino/hardware/MegaCore/avr/libraries/Timer/examples/Events/Events.ino	MegaCore:avr:can32:bootloader=uart0,BOD=3v8,LTO=Os,clock=8MHz_external	1.6.7	4124	550	0	false	0	1	doesn't define a 'build.board' preference	0	
2020-04-16 05:38:29	130	130.168	https://travis-ci.org/MCUdude/MegaCore/jobs/675461247	push		false	master	dded4adf7c545c857412ac5f8e32ef18f4892010	d68417a1a7c0...dded4adf7c54	Update MCUdude_corefiles to the latest version	/home/travis/Arduino/hardware/MegaCore/avr/libraries/Timer/examples/Pin_high_10_minutes/Pin_high_10_minutes.ino	MegaCore:avr:can32:bootloader=uart0,BOD=3v8,LTO=Os,clock=8MHz_external	1.6.7	1680	205	1	false	0	1	doesn't define a 'build.board' preference	0	
2020-04-16 05:38:33	130	130.168	https://travis-ci.org/MCUdude/MegaCore/jobs/675461247	push		false	master	dded4adf7c545c857412ac5f8e32ef18f4892010	d68417a1a7c0...dded4adf7c54	Update MCUdude_corefiles to the latest version	/home/travis/Arduino/hardware/MegaCore/avr/libraries/Timer/examples/Multitasking/Multitasking.ino	MegaCore:avr:can32:bootloader=uart0,BOD=3v8,LTO=Os,clock=8MHz_external	1.6.7	3614	454	1	false	0	1	doesn't define a 'build.board' preference	0	
2020-04-16 05:38:37	130	130.168	https://travis-ci.org/MCUdude/MegaCore/jobs/675461247	push		false	master	dded4adf7c545c857412ac5f8e32ef18f4892010	d68417a1a7c0...dded4adf7c54	Update MCUdude_corefiles to the latest version	/home/travis/Arduino/hardware/MegaCore/avr/libraries/Timer/examples/TimerTest/TimerTest.ino	MegaCore:avr:can32:bootloader=uart0,BOD=3v8,LTO=Os,clock=8MHz_external	1.6.7	1646	203	0	false	0	1	doesn't define a 'build.board' preference	0	
2020-04-16 05:38:42	130	130.168	https://travis-ci.org/MCUdude/MegaCore/jobs/675461247	push		false	master	dded4adf7c545c857412ac5f8e32ef18f4892010	d68417a1a7c0...dded4adf7c54	Update MCUdude_corefiles to the latest version	/home/travis/Arduino/hardware/MegaCore/avr/libraries/SPI/examples/BarometricPressureSensor/BarometricPressureSensor.ino	MegaCore:avr:can32:bootloader=uart0,BOD=3v8,LTO=Os,clock=8MHz_external	1.6.7	6910	235	1	false	0	1	doesn't define a 'build.board' preference	0	
2020-04-16 05:38:46	130	130.168	https://travis-ci.org/MCUdude/MegaCore/jobs/675461247	push		false	master	dded4adf7c545c857412ac5f8e32ef18f4892010	d68417a1a7c0...dded4adf7c54	Update MCUdude_corefiles to the latest version	/home/travis/Arduino/hardware/MegaCore/avr/libraries/SPI/examples/DigitalPotControl/DigitalPotControl.ino	MegaCore:avr:can32:bootloader=uart0,BOD=3v8,LTO=Os,clock=8MHz_external	1.6.7	1524	10	0	false	0	1	doesn't define a 'build.board' preference	0	
2020-04-16 05:38:50	130	130.168	https://travis-ci.org/MCUdude/MegaCore/jobs/675461247	push		false	master	dded4adf7c545c857412ac5f8e32ef18f4892010	d68417a1a7c0...dded4adf7c54	Update MCUdude_corefiles to the latest version	/home/travis/Arduino/hardware/MegaCore/avr/libraries/Wire/examples/i2c_scanner/i2c_scanner.ino	MegaCore:avr:can32:bootloader=uart0,BOD=3v8,LTO=Os,clock=8MHz_external	1.6.7	4526	528	2	false	0	1	doesn't define a 'build.board' preference	0	
2020-04-16 05:38:55	130	130.168	https://travis-ci.org/MCUdude/MegaCore/jobs/675461247	push		false	master	dded4adf7c545c857412ac5f8e32ef18f4892010	d68417a1a7c0...dded4adf7c54	Update MCUdude_corefiles to the latest version	/home/travis/Arduino/hardware/MegaCore/avr/libraries/Wire/examples/SFRRanger_reader/SFRRanger_reader.ino	MegaCore:avr:can32:bootloader=uart0,BOD=3v8,LTO=Os,clock=8MHz_external	1.6.7	4804	412	2	false	0	1	doesn't define a 'build.board' preference	0	
2020-04-16 05:38:59	130	130.168	https://travis-ci.org/MCUdude/MegaCore/jobs/675461247	push		false	master	dded4adf7c545c857412ac5f8e32ef18f4892010	d68417a1a7c0...dded4adf7c54	Update MCUdude_corefiles to the latest version	/home/travis/Arduino/hardware/MegaCore/avr/libraries/Wire/examples/master_writer/master_writer.ino	MegaCore:avr:can32:bootloader=uart0,BOD=3v8,LTO=Os,clock=8MHz_external	1.6.7	2748	228	2	false	0	1	doesn't define a 'build.board' preference	0	
2020-04-16 05:39:04	130	130.168	https://travis-ci.org/MCUdude/MegaCore/jobs/675461247	push		false	master	dded4adf7c545c857412ac5f8e32ef18f4892010	d68417a1a7c0...dded4adf7c54	Update MCUdude_corefiles to the latest version	/home/travis/Arduino/hardware/MegaCore/avr/libraries/Wire/examples/digital_potentiometer/digital_potentiometer.ino	MegaCore:avr:can32:bootloader=uart0,BOD=3v8,LTO=Os,clock=8MHz_external	1.6.7	2734	222	2	false	0	1	doesn't define a 'build.board' preference	0	
2020-04-16 05:39:08	130	130.168	https://travis-ci.org/MCUdude/MegaCore/jobs/675461247	push		false	master	dded4adf7c545c857412ac5f8e32ef18f4892010	d68417a1a7c0...dded4adf7c54	Update MCUdude_corefiles to the latest version	/home/travis/Arduino/hardware/MegaCore/avr/libraries/Wire/examples/slave_receiver/slave_receiver.ino	MegaCore:avr:can32:bootloader=uart0,BOD=3v8,LTO=Os,clock=8MHz_external	1.6.7	4174	409	3	false	0	1	doesn't define a 'build.board' preference	0	
2020-04-16 05:39:12	130	130.168	https://travis-ci.org/MCUdude/MegaCore/jobs/675461247	push		false	master	dded4adf7c545c857412ac5f8e32ef18f4892010	d68417a1a7c0...dded4adf7c54	Update MCUdude_corefiles to the latest version	/home/travis/Arduino/hardware/MegaCore/avr/libraries/Wire/examples/master_reader/master_reader.ino	MegaCore:avr:can32:bootloader=uart0,BOD=3v8,LTO=Os,clock=8MHz_external	1.6.7	4254	394	2	false	0	1	doesn't define a 'build.board' preference	0	
2020-04-16 05:39:17	130	130.168	https://travis-ci.org/MCUdude/MegaCore/jobs/675461247	push		false	master	dded4adf7c545c857412ac5f8e32ef18f4892010	d68417a1a7c0...dded4adf7c54	Update MCUdude_corefiles to the latest version	/home/travis/Arduino/hardware/MegaCore/avr/libraries/Wire/examples/slave_sender/slave_sender.ino	MegaCore:avr:can32:bootloader=uart0,BOD=3v8,LTO=Os,clock=8MHz_external	1.6.7	2534	228	2	false	0	1	doesn't define a 'build.board' preference	0	
2020-04-16 05:39:25	130	130.168	https://travis-ci.org/MCUdude/MegaCore/jobs/675461247	push		false	master	dded4adf7c545c857412ac5f8e32ef18f4892010	d68417a1a7c0...dded4adf7c54	Update MCUdude_corefiles to the latest version	/home/travis/Arduino/hardware/MegaCore/avr/libraries/Ethernet/examples/UDPSendReceiveString/UDPSendReceiveString.ino	MegaCore:avr:can32:bootloader=uart0,BOD=3v8,LTO=Os,clock=8MHz_external	1.6.9	12192	603	0	false	0	1	doesn't define a 'build.board' preference	0	
2020-04-16 05:39:30	130	130.168	https://travis-ci.org/MCUdude/MegaCore/jobs/675461247	push		false	master	dded4adf7c545c857412ac5f8e32ef18f4892010	d68417a1a7c0...dded4adf7c54	Update MCUdude_corefiles to the latest version	/home/travis/Arduino/hardware/MegaCore/avr/libraries/Ethernet/examples/TwitterClient/TwitterClient.ino	MegaCore:avr:can32:bootloader=uart0,BOD=3v8,LTO=Os,clock=8MHz_external	1.6.9	19464	872	0	false	0	1	doesn't define a 'build.board' preference	0	
2020-04-16 05:39:36	130	130.168	https://travis-ci.org/MCUdude/MegaCore/jobs/675461247	push		false	master	dded4adf7c545c857412ac5f8e32ef18f4892010	d68417a1a7c0...dded4adf7c54	Update MCUdude_corefiles to the latest version	/home/travis/Arduino/hardware/MegaCore/avr/libraries/Ethernet/examples/WebClientRepeating/WebClientRepeating.ino	MegaCore:avr:can32:bootloader=uart0,BOD=3v8,LTO=Os,clock=8MHz_external	1.6.9	17768	917	0	false	0	1	doesn't define a 'build.board' preference	0	
2020-04-16 05:39:41	130	130.168	https://travis-ci.org/MCUdude/MegaCore/jobs/675461247	push		false	master	dded4adf7c545c857412ac5f8e32ef18f4892010	d68417a1a7c0...dded4adf7c54	Update MCUdude_corefiles to the latest version	/home/travis/Arduino/hardware/MegaCore/avr/libraries/Ethernet/examples/UdpNtpClient/UdpNtpClient.ino	MegaCore:avr:can32:bootloader=uart0,BOD=3v8,LTO=Os,clock=8MHz_external	1.6.9	15512	783	0	false	0	1	doesn't define a 'build.board' preference	0	
2020-04-16 05:39:47	130	130.168	https://travis-ci.org/MCUdude/MegaCore/jobs/675461247	push		false	master	dded4adf7c545c857412ac5f8e32ef18f4892010	d68417a1a7c0...dded4adf7c54	Update MCUdude_corefiles to the latest version	/home/travis/Arduino/hardware/MegaCore/avr/libraries/Ethernet/examples/WebClient/WebClient.ino	MegaCore:avr:can32:bootloader=uart0,BOD=3v8,LTO=Os,clock=8MHz_external	1.6.9	19760	967	0	false	0	1	doesn't define a 'build.board' preference	0	
2020-04-16 05:39:52	130	130.168	https://travis-ci.org/MCUdude/MegaCore/jobs/675461247	push		false	master	dded4adf7c545c857412ac5f8e32ef18f4892010	d68417a1a7c0...dded4adf7c54	Update MCUdude_corefiles to the latest version	/home/travis/Arduino/hardware/MegaCore/avr/libraries/Ethernet/examples/ChatServer/ChatServer.ino	MegaCore:avr:can32:bootloader=uart0,BOD=3v8,LTO=Os,clock=8MHz_external	1.6.9	14442	629	0	false	0	1	doesn't define a 'build.board' preference	0	
2020-04-16 05:39:58	130	130.168	https://travis-ci.org/MCUdude/MegaCore/jobs/675461247	push		false	master	dded4adf7c545c857412ac5f8e32ef18f4892010	d68417a1a7c0...dded4adf7c54	Update MCUdude_corefiles to the latest version	/home/travis/Arduino/hardware/MegaCore/avr/libraries/Ethernet/examples/DhcpAddressPrinter/DhcpAddressPrinter.ino	MegaCore:avr:can32:bootloader=uart0,BOD=3v8,LTO=Os,clock=8MHz_external	1.6.9	15208	750	0	false	0	1	doesn't define a 'build.board' preference	0	
2020-04-16 05:40:04	130	130.168	https://travis-ci.org/MCUdude/MegaCore/jobs/675461247	push		false	master	dded4adf7c545c857412ac5f8e32ef18f4892010	d68417a1a7c0...dded4adf7c54	Update MCUdude_corefiles to the latest version	/home/travis/Arduino/hardware/MegaCore/avr/libraries/Ethernet/examples/XivelyClient/XivelyClient.ino	MegaCore:avr:can32:bootloader=uart0,BOD=3v8,LTO=Os,clock=8MHz_external	1.6.9	18086	832	0	false	0	1	doesn't define a 'build.board' preference	0	
2020-04-16 05:40:09	130	130.168	https://travis-ci.org/MCUdude/MegaCore/jobs/675461247	push		false	master	dded4adf7c545c857412ac5f8e32ef18f4892010	d68417a1a7c0...dded4adf7c54	Update MCUdude_corefiles to the latest version	/home/travis/Arduino/hardware/MegaCore/avr/libraries/Ethernet/examples/XivelyClientString/XivelyClientString.ino	MegaCore:avr:can32:bootloader=uart0,BOD=3v8,LTO=Os,clock=8MHz_external	1.6.9	19918	852	0	false	0	1	doesn't define a 'build.board' preference	0	
2020-04-16 05:40:15	130	130.168	https://travis-ci.org/MCUdude/MegaCore/jobs/675461247	push		false	master	dded4adf7c545c857412ac5f8e32ef18f4892010	d68417a1a7c0...dded4adf7c54	Update MCUdude_corefiles to the latest version	/home/travis/Arduino/hardware/MegaCore/avr/libraries/Ethernet/examples/LinkStatus/LinkStatus.ino	MegaCore:avr:can32:bootloader=uart0,BOD=3v8,LTO=Os,clock=8MHz_external	1.6.9	5116	314	0	false	0	1	doesn't define a 'build.board' preference	0	
2020-04-16 05:40:20	130	130.168	https://travis-ci.org/MCUdude/MegaCore/jobs/675461247	push		false	master	dded4adf7c545c857412ac5f8e32ef18f4892010	d68417a1a7c0...dded4adf7c54	Update MCUdude_corefiles to the latest version	/home/travis/Arduino/hardware/MegaCore/avr/libraries/Ethernet/examples/BarometricPressureWebServer/BarometricPressureWebServer.ino	MegaCore:avr:can32:bootloader=uart0,BOD=3v8,LTO=Os,clock=8MHz_external	1.6.9	18936	690	2	false	0	1	doesn't define a 'build.board' preference	0	
2020-04-16 05:40:26	130	130.168	https://travis-ci.org/MCUdude/MegaCore/jobs/675461247	push		false	master	dded4adf7c545c857412ac5f8e32ef18f4892010	d68417a1a7c0...dded4adf7c54	Update MCUdude_corefiles to the latest version	/home/travis/Arduino/hardware/MegaCore/avr/libraries/Ethernet/examples/DhcpChatServer/DhcpChatServer.ino	MegaCore:avr:can32:bootloader=uart0,BOD=3v8,LTO=Os,clock=8MHz_external	1.6.9	18484	813	0	false	0	1	doesn't define a 'build.board' preference	0	
2020-04-16 05:40:31	130	130.168	https://travis-ci.org/MCUdude/MegaCore/jobs/675461247	push		false	master	dded4adf7c545c857412ac5f8e32ef18f4892010	d68417a1a7c0...dded4adf7c54	Update MCUdude_corefiles to the latest version	/home/travis/Arduino/hardware/MegaCore/avr/libraries/Ethernet/examples/WebServer/WebServer.ino	MegaCore:avr:can32:bootloader=uart0,BOD=3v8,LTO=Os,clock=8MHz_external	1.6.9	15394	752	0	false	0	1	doesn't define a 'build.board' preference	0	
2020-04-16 05:40:37	130	130.168	https://travis-ci.org/MCUdude/MegaCore/jobs/675461247	push		false	master	dded4adf7c545c857412ac5f8e32ef18f4892010	d68417a1a7c0...dded4adf7c54	Update MCUdude_corefiles to the latest version	/home/travis/Arduino/hardware/MegaCore/avr/libraries/Ethernet/examples/TelnetClient/TelnetClient.ino	MegaCore:avr:can32:bootloader=uart0,BOD=3v8,LTO=Os,clock=8MHz_external	1.6.9	14042	613	0	false	0	1	doesn't define a 'build.board' preference	0	
2020-04-16 05:40:42	130	130.168	https://travis-ci.org/MCUdude/MegaCore/jobs/675461247	push		false	master	dded4adf7c545c857412ac5f8e32ef18f4892010	d68417a1a7c0...dded4adf7c54	Update MCUdude_corefiles to the latest version	/home/travis/Arduino/hardware/MegaCore/avr/libraries/Ethernet/examples/PachubeClient/PachubeClient.ino	MegaCore:avr:can32:bootloader=uart0,BOD=3v8,LTO=Os,clock=8MHz_external	1.6.9	18088	834	0	false	0	1	doesn't define a 'build.board' preference	0	
2020-04-16 05:40:47	130	130.168	https://travis-ci.org/MCUdude/MegaCore/jobs/675461247	push		false	master	dded4adf7c545c857412ac5f8e32ef18f4892010	d68417a1a7c0...dded4adf7c54	Update MCUdude_corefiles to the latest version	/home/travis/Arduino/hardware/MegaCore/avr/libraries/Ethernet/examples/PachubeClientString/PachubeClientString.ino	MegaCore:avr:can32:bootloader=uart0,BOD=3v8,LTO=Os,clock=8MHz_external	1.6.9	19920	854	0	false	0	1	doesn't define a 'build.board' preference	0	
2020-04-16 05:40:53	130	130.168	https://travis-ci.org/MCUdude/MegaCore/jobs/675461247	push		false	master	dded4adf7c545c857412ac5f8e32ef18f4892010	d68417a1a7c0...dded4adf7c54	Update MCUdude_corefiles to the latest version	/home/travis/Arduino/hardware/MegaCore/avr/libraries/Ethernet/examples/AdvancedChatServer/AdvancedChatServer.ino	MegaCore:avr:can32:bootloader=uart0,BOD=3v8,LTO=Os,clock=8MHz_external	1.6.9	15184	778	0	false	0	1	doesn't define a 'build.board' preference	0	
2020-04-16 05:40:57	130	130.168	https://travis-ci.org/MCUdude/MegaCore/jobs/675461247	push		false	master	dded4adf7c545c857412ac5f8e32ef18f4892010	d68417a1a7c0...dded4adf7c54	Update MCUdude_corefiles to the latest version	/home/travis/Arduino/hardware/MegaCore/avr/libraries/AVR_examples/examples/Blink_using_Timer0/Blink_using_Timer0.ino	MegaCore:avr:can32:bootloader=uart0,BOD=3v8,LTO=Os,clock=8MHz_external	1.6.9	286	3	0	false	0	1	doesn't define a 'build.board' preference	0	
2020-04-16 05:41:02	130	130.168	https://travis-ci.org/MCUdude/MegaCore/jobs/675461247	push		false	master	dded4adf7c545c857412ac5f8e32ef18f4892010	d68417a1a7c0...dded4adf7c54	Update MCUdude_corefiles to the latest version	/home/travis/Arduino/hardware/MegaCore/avr/libraries/AVR_examples/examples/Read_port_write_port/Read_port_write_port.ino	MegaCore:avr:can32:bootloader=uart0,BOD=3v8,LTO=Os,clock=8MHz_external	1.6.9	188	0	0	false	0	1	doesn't define a 'build.board' preference	0	
2020-04-16 05:41:06	130	130.168	https://travis-ci.org/MCUdude/MegaCore/jobs/675461247	push		false	master	dded4adf7c545c857412ac5f8e32ef18f4892010	d68417a1a7c0...dded4adf7c54	Update MCUdude_corefiles to the latest version	/home/travis/Arduino/hardware/MegaCore/avr/libraries/AVR_examples/examples/Measure_period_length/Measure_period_length.ino	MegaCore:avr:can32:bootloader=uart0,BOD=3v8,LTO=Os,clock=8MHz_external	1.6.9	1912	200	0	false	0	1	doesn't define a 'build.board' preference	0	
2020-04-16 05:41:10	130	130.168	https://travis-ci.org/MCUdude/MegaCore/jobs/675461247	push		false	master	dded4adf7c545c857412ac5f8e32ef18f4892010	d68417a1a7c0...dded4adf7c54	Update MCUdude_corefiles to the latest version	/home/travis/Arduino/hardware/MegaCore/avr/libraries/AVR_examples/examples/Watch_dog_timer/Watch_dog_timer.ino	MegaCore:avr:can32:bootloader=uart0,BOD=3v8,LTO=Os,clock=8MHz_external	1.6.9	280	2	0	false	0	1	doesn't define a 'build.board' preference	0	
2020-04-16 05:41:15	130	130.168	https://travis-ci.org/MCUdude/MegaCore/jobs/675461247	push		false	master	dded4adf7c545c857412ac5f8e32ef18f4892010	d68417a1a7c0...dded4adf7c54	Update MCUdude_corefiles to the latest version	/home/travis/Arduino/hardware/MegaCore/avr/libraries/AVR_examples/examples/Blink/Blink.ino	MegaCore:avr:can32:bootloader=uart0,BOD=3v8,LTO=Os,clock=8MHz_external	1.6.9	220	0	0	false	0	1	doesn't define a 'build.board' preference	0	
2020-04-16 05:41:20	130	130.168	https://travis-ci.org/MCUdude/MegaCore/jobs/675461247	push		false	master	dded4adf7c545c857412ac5f8e32ef18f4892010	d68417a1a7c0...dded4adf7c54	Update MCUdude_corefiles to the latest version	/home/travis/Arduino/hardware/MegaCore/avr/libraries/SD/examples/Datalogger/Datalogger.ino	MegaCore:avr:can32:bootloader=uart0,BOD=3v8,LTO=Os,clock=8MHz_external	1.6.9	14244	937	5	false	0	1	doesn't define a 'build.board' preference	0	
2020-04-16 05:41:25	130	130.168	https://travis-ci.org/MCUdude/MegaCore/jobs/675461247	push		false	master	dded4adf7c545c857412ac5f8e32ef18f4892010	d68417a1a7c0...dded4adf7c54	Update MCUdude_corefiles to the latest version	/home/travis/Arduino/hardware/MegaCore/avr/libraries/SD/examples/CardInfo/CardInfo.ino	MegaCore:avr:can32:bootloader=uart0,BOD=3v8,LTO=Os,clock=8MHz_external	1.6.9	11720	1364	5	false	0	1	doesn't define a 'build.board' preference	0	
2020-04-16 05:41:31	130	130.168	https://travis-ci.org/MCUdude/MegaCore/jobs/675461247	push		false	master	dded4adf7c545c857412ac5f8e32ef18f4892010	d68417a1a7c0...dded4adf7c54	Update MCUdude_corefiles to the latest version	/home/travis/Arduino/hardware/MegaCore/avr/libraries/SD/examples/ReadWrite/ReadWrite.ino	MegaCore:avr:can32:bootloader=uart0,BOD=3v8,LTO=Os,clock=8MHz_external	1.6.9	13148	1006	5	false	0	1	doesn't define a 'build.board' preference	0	
2020-04-16 05:41:36	130	130.168	https://travis-ci.org/MCUdude/MegaCore/jobs/675461247	push		false	master	dded4adf7c545c857412ac5f8e32ef18f4892010	d68417a1a7c0...dded4adf7c54	Update MCUdude_corefiles to the latest version	/home/travis/Arduino/hardware/MegaCore/avr/libraries/SD/examples/listfiles/listfiles.ino	MegaCore:avr:can32:bootloader=uart0,BOD=3v8,LTO=Os,clock=8MHz_external	1.6.9	13882	942	5	false	0	1	doesn't define a 'build.board' preference	0	
2020-04-16 05:41:41	130	130.168	https://travis-ci.org/MCUdude/MegaCore/jobs/675461247	push		false	master	dded4adf7c545c857412ac5f8e32ef18f4892010	d68417a1a7c0...dded4adf7c54	Update MCUdude_corefiles to the latest version	/home/travis/Arduino/hardware/MegaCore/avr/libraries/SD/examples/DumpFile/DumpFile.ino	MegaCore:avr:can32:bootloader=uart0,BOD=3v8,LTO=Os,clock=8MHz_external	1.6.9	12822	935	5	false	0	1	doesn't define a 'build.board' preference	0	
2020-04-16 05:41:46	130	130.168	https://travis-ci.org/MCUdude/MegaCore/jobs/675461247	push		false	master	dded4adf7c545c857412ac5f8e32ef18f4892010	d68417a1a7c0...dded4adf7c54	Update MCUdude_corefiles to the latest version	/home/travis/Arduino/hardware/MegaCore/avr/libraries/SD/examples/Files/Files.ino	MegaCore:avr:can32:bootloader=uart0,BOD=3v8,LTO=Os,clock=8MHz_external	1.6.9	13738	1040	5	false	0	1	doesn't define a 'build.board' preference	0	
2020-04-16 05:41:51	130	130.168	https://travis-ci.org/MCUdude/MegaCore/jobs/675461247	push		false	master	dded4adf7c545c857412ac5f8e32ef18f4892010	d68417a1a7c0...dded4adf7c54	Update MCUdude_corefiles to the latest version	/home/travis/Arduino/hardware/MegaCore/avr/libraries/SoftwareSerial/examples/SoftwareSerialExample/SoftwareSerialExample.ino	MegaCore:avr:can32:bootloader=uart0,BOD=3v8,LTO=Os,clock=8MHz_external	1.6.9	4764	359	0	false	0	1	doesn't define a 'build.board' preference	0	
2020-04-16 05:41:55	130	130.168	https://travis-ci.org/MCUdude/MegaCore/jobs/675461247	push		false	master	dded4adf7c545c857412ac5f8e32ef18f4892010	d68417a1a7c0...dded4adf7c54	Update MCUdude_corefiles to the latest version	/home/travis/Arduino/hardware/MegaCore/avr/libraries/SoftwareSerial/examples/TwoPortReceive/TwoPortReceive.ino	MegaCore:avr:can32:bootloader=uart0,BOD=3v8,LTO=Os,clock=8MHz_external	1.6.9	4864	400	0	false	0	1	doesn't define a 'build.board' preference	0	
2020-04-16 05:42:00	130	130.168	https://travis-ci.org/MCUdude/MegaCore/jobs/675461247	push		false	master	dded4adf7c545c857412ac5f8e32ef18f4892010	d68417a1a7c0...dded4adf7c54	Update MCUdude_corefiles to the latest version	/home/travis/Arduino/hardware/MegaCore/avr/libraries/Servo/examples/Knob/Knob.ino	MegaCore:avr:can32:bootloader=uart0,BOD=3v8,LTO=Os,clock=8MHz_external	1.6.9	2890	60	0	false	0	1	doesn't define a 'build.board' preference	0	
2020-04-16 05:42:04	130	130.168	https://travis-ci.org/MCUdude/MegaCore/jobs/675461247	push		false	master	dded4adf7c545c857412ac5f8e32ef18f4892010	d68417a1a7c0...dded4adf7c54	Update MCUdude_corefiles to the latest version	/home/travis/Arduino/hardware/MegaCore/avr/libraries/Servo/examples/Sweep/Sweep.ino	MegaCore:avr:can32:bootloader=uart0,BOD=3v8,LTO=Os,clock=8MHz_external	1.6.9	2810	56	0	false	0	1	doesn't define a 'build.board' preference	0	
2020-04-16 05:42:08	130	130.168	https://travis-ci.org/MCUdude/MegaCore/jobs/675461247	push		false	master	dded4adf7c545c857412ac5f8e32ef18f4892010	d68417a1a7c0...dded4adf7c54	Update MCUdude_corefiles to the latest version	/home/travis/Arduino/hardware/MegaCore/avr/libraries/EEPROM/examples/eeprom_get/eeprom_get.ino	MegaCore:avr:can32:bootloader=uart0,BOD=3v8,LTO=Os,clock=8MHz_external	1.6.9	4002	256	0	false	0	1	doesn't define a 'build.board' preference	0	
2020-04-16 05:42:13	130	130.168	https://travis-ci.org/MCUdude/MegaCore/jobs/675461247	push		false	master	dded4adf7c545c857412ac5f8e32ef18f4892010	d68417a1a7c0...dded4adf7c54	Update MCUdude_corefiles to the latest version	/home/travis/Arduino/hardware/MegaCore/avr/libraries/EEPROM/examples/eeprom_crc/eeprom_crc.ino	MegaCore:avr:can32:bootloader=uart0,BOD=3v8,LTO=Os,clock=8MHz_external	1.6.9	2606	310	0	false	0	1	doesn't define a 'build.board' preference	0	
2020-04-16 05:42:17	130	130.168	https://travis-ci.org/MCUdude/MegaCore/jobs/675461247	push		false	master	dded4adf7c545c857412ac5f8e32ef18f4892010	d68417a1a7c0...dded4adf7c54	Update MCUdude_corefiles to the latest version	/home/travis/Arduino/hardware/MegaCore/avr/libraries/EEPROM/examples/eeprom_read/eeprom_read.ino	MegaCore:avr:can32:bootloader=uart0,BOD=3v8,LTO=Os,clock=8MHz_external	1.6.9	2370	203	0	false	0	1	doesn't define a 'build.board' preference	0	
2020-04-16 05:42:22	130	130.168	https://travis-ci.org/MCUdude/MegaCore/jobs/675461247	push		false	master	dded4adf7c545c857412ac5f8e32ef18f4892010	d68417a1a7c0...dded4adf7c54	Update MCUdude_corefiles to the latest version	/home/travis/Arduino/hardware/MegaCore/avr/libraries/EEPROM/examples/eeprom_clear/eeprom_clear.ino	MegaCore:avr:can32:bootloader=uart0,BOD=3v8,LTO=Os,clock=8MHz_external	1.6.9	992	9	0	false	0	1	doesn't define a 'build.board' preference	0	
2020-04-16 05:42:26	130	130.168	https://travis-ci.org/MCUdude/MegaCore/jobs/675461247	push		false	master	dded4adf7c545c857412ac5f8e32ef18f4892010	d68417a1a7c0...dded4adf7c54	Update MCUdude_corefiles to the latest version	/home/travis/Arduino/hardware/MegaCore/avr/libraries/EEPROM/examples/eeprom_write/eeprom_write.ino	MegaCore:avr:can32:bootloader=uart0,BOD=3v8,LTO=Os,clock=8MHz_external	1.6.9	898	13	0	false	0	1	doesn't define a 'build.board' preference	0	
2020-04-16 05:42:30	130	130.168	https://travis-ci.org/MCUdude/MegaCore/jobs/675461247	push		false	master	dded4adf7c545c857412ac5f8e32ef18f4892010	d68417a1a7c0...dded4adf7c54	Update MCUdude_corefiles to the latest version	/home/travis/Arduino/hardware/MegaCore/avr/libraries/EEPROM/examples/eeprom_iteration/eeprom_iteration.ino	MegaCore:avr:can32:bootloader=uart0,BOD=3v8,LTO=Os,clock=8MHz_external	1.6.9	736	9	0	false	0	1	doesn't define a 'build.board' preference	0	
2020-04-16 05:42:35	130	130.168	https://travis-ci.org/MCUdude/MegaCore/jobs/675461247	push		false	master	dded4adf7c545c857412ac5f8e32ef18f4892010	d68417a1a7c0...dded4adf7c54	Update MCUdude_corefiles to the latest version	/home/travis/Arduino/hardware/MegaCore/avr/libraries/EEPROM/examples/eeprom_update/eeprom_update.ino	MegaCore:avr:can32:bootloader=uart0,BOD=3v8,LTO=Os,clock=8MHz_external	1.6.9	948	13	0	false	0	1	doesn't define a 'build.board' preference	0	
2020-04-16 05:42:39	130	130.168	https://travis-ci.org/MCUdude/MegaCore/jobs/675461247	push		false	master	dded4adf7c545c857412ac5f8e32ef18f4892010	d68417a1a7c0...dded4adf7c54	Update MCUdude_corefiles to the latest version	/home/travis/Arduino/hardware/MegaCore/avr/libraries/EEPROM/examples/eeprom_put/eeprom_put.ino	MegaCore:avr:can32:bootloader=uart0,BOD=3v8,LTO=Os,clock=8MHz_external	1.6.9	2302	340	0	false	0	1	doesn't define a 'build.board' preference	0	
2020-04-16 05:42:44	130	130.168	https://travis-ci.org/MCUdude/MegaCore/jobs/675461247	push		false	master	dded4adf7c545c857412ac5f8e32ef18f4892010	d68417a1a7c0...dded4adf7c54	Update MCUdude_corefiles to the latest version	/home/travis/Arduino/hardware/MegaCore/avr/libraries/Optiboot_flasher/examples/SerialReadWrite/SerialReadWrite.ino	MegaCore:avr:can32:bootloader=uart0,BOD=3v8,LTO=Os,clock=8MHz_external	1.6.9	7738	465	0	false	0	1	doesn't define a 'build.board' preference	0	
2020-04-16 05:42:48	130	130.168	https://travis-ci.org/MCUdude/MegaCore/jobs/675461247	push		false	master	dded4adf7c545c857412ac5f8e32ef18f4892010	d68417a1a7c0...dded4adf7c54	Update MCUdude_corefiles to the latest version	/home/travis/Arduino/hardware/MegaCore/avr/libraries/Timer/examples/Events/Events.ino	MegaCore:avr:can32:bootloader=uart0,BOD=3v8,LTO=Os,clock=8MHz_external	1.6.9	4124	550	0	false	0	1	doesn't define a 'build.board' preference	0	
2020-04-16 05:42:53	130	130.168	https://travis-ci.org/MCUdude/MegaCore/jobs/675461247	push		false	master	dded4adf7c545c857412ac5f8e32ef18f4892010	d68417a1a7c0...dded4adf7c54	Update MCUdude_corefiles to the latest version	/home/travis/Arduino/hardware/MegaCore/avr/libraries/Timer/examples/Pin_high_10_minutes/Pin_high_10_minutes.ino	MegaCore:avr:can32:bootloader=uart0,BOD=3v8,LTO=Os,clock=8MHz_external	1.6.9	1680	205	1	false	0	1	doesn't define a 'build.board' preference	0	
2020-04-16 05:42:58	130	130.168	https://travis-ci.org/MCUdude/MegaCore/jobs/675461247	push		false	master	dded4adf7c545c857412ac5f8e32ef18f4892010	d68417a1a7c0...dded4adf7c54	Update MCUdude_corefiles to the latest version	/home/travis/Arduino/hardware/MegaCore/avr/libraries/Timer/examples/Multitasking/Multitasking.ino	MegaCore:avr:can32:bootloader=uart0,BOD=3v8,LTO=Os,clock=8MHz_external	1.6.9	3614	454	1	false	0	1	doesn't define a 'build.board' preference	0	
2020-04-16 05:43:02	130	130.168	https://travis-ci.org/MCUdude/MegaCore/jobs/675461247	push		false	master	dded4adf7c545c857412ac5f8e32ef18f4892010	d68417a1a7c0...dded4adf7c54	Update MCUdude_corefiles to the latest version	/home/travis/Arduino/hardware/MegaCore/avr/libraries/Timer/examples/TimerTest/TimerTest.ino	MegaCore:avr:can32:bootloader=uart0,BOD=3v8,LTO=Os,clock=8MHz_external	1.6.9	1646	203	0	false	0	1	doesn't define a 'build.board' preference	0	
2020-04-16 05:43:07	130	130.168	https://travis-ci.org/MCUdude/MegaCore/jobs/675461247	push		false	master	dded4adf7c545c857412ac5f8e32ef18f4892010	d68417a1a7c0...dded4adf7c54	Update MCUdude_corefiles to the latest version	/home/travis/Arduino/hardware/MegaCore/avr/libraries/SPI/examples/BarometricPressureSensor/BarometricPressureSensor.ino	MegaCore:avr:can32:bootloader=uart0,BOD=3v8,LTO=Os,clock=8MHz_external	1.6.9	6910	235	1	false	0	1	doesn't define a 'build.board' preference	0	
2020-04-16 05:43:11	130	130.168	https://travis-ci.org/MCUdude/MegaCore/jobs/675461247	push		false	master	dded4adf7c545c857412ac5f8e32ef18f4892010	d68417a1a7c0...dded4adf7c54	Update MCUdude_corefiles to the latest version	/home/travis/Arduino/hardware/MegaCore/avr/libraries/SPI/examples/DigitalPotControl/DigitalPotControl.ino	MegaCore:avr:can32:bootloader=uart0,BOD=3v8,LTO=Os,clock=8MHz_external	1.6.9	1524	10	0	false	0	1	doesn't define a 'build.board' preference	0	
2020-04-16 05:43:16	130	130.168	https://travis-ci.org/MCUdude/MegaCore/jobs/675461247	push		false	master	dded4adf7c545c857412ac5f8e32ef18f4892010	d68417a1a7c0...dded4adf7c54	Update MCUdude_corefiles to the latest version	/home/travis/Arduino/hardware/MegaCore/avr/libraries/Wire/examples/i2c_scanner/i2c_scanner.ino	MegaCore:avr:can32:bootloader=uart0,BOD=3v8,LTO=Os,clock=8MHz_external	1.6.9	4526	528	2	false	0	1	doesn't define a 'build.board' preference	0	
2020-04-16 05:43:20	130	130.168	https://travis-ci.org/MCUdude/MegaCore/jobs/675461247	push		false	master	dded4adf7c545c857412ac5f8e32ef18f4892010	d68417a1a7c0...dded4adf7c54	Update MCUdude_corefiles to the latest version	/home/travis/Arduino/hardware/MegaCore/avr/libraries/Wire/examples/SFRRanger_reader/SFRRanger_reader.ino	MegaCore:avr:can32:bootloader=uart0,BOD=3v8,LTO=Os,clock=8MHz_external	1.6.9	4804	412	2	false	0	1	doesn't define a 'build.board' preference	0	
2020-04-16 05:43:25	130	130.168	https://travis-ci.org/MCUdude/MegaCore/jobs/675461247	push		false	master	dded4adf7c545c857412ac5f8e32ef18f4892010	d68417a1a7c0...dded4adf7c54	Update MCUdude_corefiles to the latest version	/home/travis/Arduino/hardware/MegaCore/avr/libraries/Wire/examples/master_writer/master_writer.ino	MegaCore:avr:can32:bootloader=uart0,BOD=3v8,LTO=Os,clock=8MHz_external	1.6.9	2748	228	2	false	0	1	doesn't define a 'build.board' preference	0	
2020-04-16 05:43:30	130	130.168	https://travis-ci.org/MCUdude/MegaCore/jobs/675461247	push		false	master	dded4adf7c545c857412ac5f8e32ef18f4892010	d68417a1a7c0...dded4adf7c54	Update MCUdude_corefiles to the latest version	/home/travis/Arduino/hardware/MegaCore/avr/libraries/Wire/examples/digital_potentiometer/digital_potentiometer.ino	MegaCore:avr:can32:bootloader=uart0,BOD=3v8,LTO=Os,clock=8MHz_external	1.6.9	2734	222	2	false	0	1	doesn't define a 'build.board' preference	0	
2020-04-16 05:43:34	130	130.168	https://travis-ci.org/MCUdude/MegaCore/jobs/675461247	push		false	master	dded4adf7c545c857412ac5f8e32ef18f4892010	d68417a1a7c0...dded4adf7c54	Update MCUdude_corefiles to the latest version	/home/travis/Arduino/hardware/MegaCore/avr/libraries/Wire/examples/slave_receiver/slave_receiver.ino	MegaCore:avr:can32:bootloader=uart0,BOD=3v8,LTO=Os,clock=8MHz_external	1.6.9	4174	409	3	false	0	1	doesn't define a 'build.board' preference	0	
2020-04-16 05:43:39	130	130.168	https://travis-ci.org/MCUdude/MegaCore/jobs/675461247	push		false	master	dded4adf7c545c857412ac5f8e32ef18f4892010	d68417a1a7c0...dded4adf7c54	Update MCUdude_corefiles to the latest version	/home/travis/Arduino/hardware/MegaCore/avr/libraries/Wire/examples/master_reader/master_reader.ino	MegaCore:avr:can32:bootloader=uart0,BOD=3v8,LTO=Os,clock=8MHz_external	1.6.9	4254	394	2	false	0	1	doesn't define a 'build.board' preference	0	
2020-04-16 05:43:43	130	130.168	https://travis-ci.org/MCUdude/MegaCore/jobs/675461247	push		false	master	dded4adf7c545c857412ac5f8e32ef18f4892010	d68417a1a7c0...dded4adf7c54	Update MCUdude_corefiles to the latest version	/home/travis/Arduino/hardware/MegaCore/avr/libraries/Wire/examples/slave_sender/slave_sender.ino	MegaCore:avr:can32:bootloader=uart0,BOD=3v8,LTO=Os,clock=8MHz_external	1.6.9	2534	228	2	false	0	1	doesn't define a 'build.board' preference	0	
2020-04-16 05:43:51	130	130.168	https://travis-ci.org/MCUdude/MegaCore/jobs/675461247	push		false	master	dded4adf7c545c857412ac5f8e32ef18f4892010	d68417a1a7c0...dded4adf7c54	Update MCUdude_corefiles to the latest version	/home/travis/Arduino/hardware/MegaCore/avr/libraries/Ethernet/examples/UDPSendReceiveString/UDPSendReceiveString.ino	MegaCore:avr:can32:bootloader=uart0,BOD=3v8,LTO=Os,clock=8MHz_external	1.6.13	12152	603	0	false	0	1	doesn't define a 'build.board' preference	0	
2020-04-16 05:43:57	130	130.168	https://travis-ci.org/MCUdude/MegaCore/jobs/675461247	push		false	master	dded4adf7c545c857412ac5f8e32ef18f4892010	d68417a1a7c0...dded4adf7c54	Update MCUdude_corefiles to the latest version	/home/travis/Arduino/hardware/MegaCore/avr/libraries/Ethernet/examples/TwitterClient/TwitterClient.ino	MegaCore:avr:can32:bootloader=uart0,BOD=3v8,LTO=Os,clock=8MHz_external	1.6.13	19454	872	0	false	0	1	doesn't define a 'build.board' preference	0	
2020-04-16 05:44:02	130	130.168	https://travis-ci.org/MCUdude/MegaCore/jobs/675461247	push		false	master	dded4adf7c545c857412ac5f8e32ef18f4892010	d68417a1a7c0...dded4adf7c54	Update MCUdude_corefiles to the latest version	/home/travis/Arduino/hardware/MegaCore/avr/libraries/Ethernet/examples/WebClientRepeating/WebClientRepeating.ino	MegaCore:avr:can32:bootloader=uart0,BOD=3v8,LTO=Os,clock=8MHz_external	1.6.13	17728	917	0	false	0	1	doesn't define a 'build.board' preference	0	
2020-04-16 05:44:08	130	130.168	https://travis-ci.org/MCUdude/MegaCore/jobs/675461247	push		false	master	dded4adf7c545c857412ac5f8e32ef18f4892010	d68417a1a7c0...dded4adf7c54	Update MCUdude_corefiles to the latest version	/home/travis/Arduino/hardware/MegaCore/avr/libraries/Ethernet/examples/UdpNtpClient/UdpNtpClient.ino	MegaCore:avr:can32:bootloader=uart0,BOD=3v8,LTO=Os,clock=8MHz_external	1.6.13	15482	783	0	false	0	1	doesn't define a 'build.board' preference	0	
2020-04-16 05:44:13	130	130.168	https://travis-ci.org/MCUdude/MegaCore/jobs/675461247	push		false	master	dded4adf7c545c857412ac5f8e32ef18f4892010	d68417a1a7c0...dded4adf7c54	Update MCUdude_corefiles to the latest version	/home/travis/Arduino/hardware/MegaCore/avr/libraries/Ethernet/examples/WebClient/WebClient.ino	MegaCore:avr:can32:bootloader=uart0,BOD=3v8,LTO=Os,clock=8MHz_external	1.6.13	19796	967	0	false	0	1	doesn't define a 'build.board' preference	0	
2020-04-16 05:44:18	130	130.168	https://travis-ci.org/MCUdude/MegaCore/jobs/675461247	push		false	master	dded4adf7c545c857412ac5f8e32ef18f4892010	d68417a1a7c0...dded4adf7c54	Update MCUdude_corefiles to the latest version	/home/travis/Arduino/hardware/MegaCore/avr/libraries/Ethernet/examples/ChatServer/ChatServer.ino	MegaCore:avr:can32:bootloader=uart0,BOD=3v8,LTO=Os,clock=8MHz_external	1.6.13	14344	629	0	false	0	1	doesn't define a 'build.board' preference	0	
2020-04-16 05:44:24	130	130.168	https://travis-ci.org/MCUdude/MegaCore/jobs/675461247	push		false	master	dded4adf7c545c857412ac5f8e32ef18f4892010	d68417a1a7c0...dded4adf7c54	Update MCUdude_corefiles to the latest version	/home/travis/Arduino/hardware/MegaCore/avr/libraries/Ethernet/examples/DhcpAddressPrinter/DhcpAddressPrinter.ino	MegaCore:avr:can32:bootloader=uart0,BOD=3v8,LTO=Os,clock=8MHz_external	1.6.13	15194	750	0	false	0	1	doesn't define a 'build.board' preference	0	
2020-04-16 05:44:29	130	130.168	https://travis-ci.org/MCUdude/MegaCore/jobs/675461247	push		false	master	dded4adf7c545c857412ac5f8e32ef18f4892010	d68417a1a7c0...dded4adf7c54	Update MCUdude_corefiles to the latest version	/home/travis/Arduino/hardware/MegaCore/avr/libraries/Ethernet/examples/XivelyClient/XivelyClient.ino	MegaCore:avr:can32:bootloader=uart0,BOD=3v8,LTO=Os,clock=8MHz_external	1.6.13	18062	832	0	false	0	1	doesn't define a 'build.board' preference	0	
2020-04-16 05:44:35	130	130.168	https://travis-ci.org/MCUdude/MegaCore/jobs/675461247	push		false	master	dded4adf7c545c857412ac5f8e32ef18f4892010	d68417a1a7c0...dded4adf7c54	Update MCUdude_corefiles to the latest version	/home/travis/Arduino/hardware/MegaCore/avr/libraries/Ethernet/examples/XivelyClientString/XivelyClientString.ino	MegaCore:avr:can32:bootloader=uart0,BOD=3v8,LTO=Os,clock=8MHz_external	1.6.13	19906	852	0	false	0	1	doesn't define a 'build.board' preference	0	
2020-04-16 05:44:40	130	130.168	https://travis-ci.org/MCUdude/MegaCore/jobs/675461247	push		false	master	dded4adf7c545c857412ac5f8e32ef18f4892010	d68417a1a7c0...dded4adf7c54	Update MCUdude_corefiles to the latest version	/home/travis/Arduino/hardware/MegaCore/avr/libraries/Ethernet/examples/LinkStatus/LinkStatus.ino	MegaCore:avr:can32:bootloader=uart0,BOD=3v8,LTO=Os,clock=8MHz_external	1.6.13	5046	314	0	false	0	1	doesn't define a 'build.board' preference	0	
2020-04-16 05:44:46	130	130.168	https://travis-ci.org/MCUdude/MegaCore/jobs/675461247	push		false	master	dded4adf7c545c857412ac5f8e32ef18f4892010	d68417a1a7c0...dded4adf7c54	Update MCUdude_corefiles to the latest version	/home/travis/Arduino/hardware/MegaCore/avr/libraries/Ethernet/examples/BarometricPressureWebServer/BarometricPressureWebServer.ino	MegaCore:avr:can32:bootloader=uart0,BOD=3v8,LTO=Os,clock=8MHz_external	1.6.13	18958	690	2	false	0	1	doesn't define a 'build.board' preference	0	
2020-04-16 05:44:51	130	130.168	https://travis-ci.org/MCUdude/MegaCore/jobs/675461247	push		false	master	dded4adf7c545c857412ac5f8e32ef18f4892010	d68417a1a7c0...dded4adf7c54	Update MCUdude_corefiles to the latest version	/home/travis/Arduino/hardware/MegaCore/avr/libraries/Ethernet/examples/DhcpChatServer/DhcpChatServer.ino	MegaCore:avr:can32:bootloader=uart0,BOD=3v8,LTO=Os,clock=8MHz_external	1.6.13	18426	813	0	false	0	1	doesn't define a 'build.board' preference	0	
2020-04-16 05:44:57	130	130.168	https://travis-ci.org/MCUdude/MegaCore/jobs/675461247	push		false	master	dded4adf7c545c857412ac5f8e32ef18f4892010	d68417a1a7c0...dded4adf7c54	Update MCUdude_corefiles to the latest version	/home/travis/Arduino/hardware/MegaCore/avr/libraries/Ethernet/examples/WebServer/WebServer.ino	MegaCore:avr:can32:bootloader=uart0,BOD=3v8,LTO=Os,clock=8MHz_external	1.6.13	15310	752	0	false	0	1	doesn't define a 'build.board' preference	0	
2020-04-16 05:45:02	130	130.168	https://travis-ci.org/MCUdude/MegaCore/jobs/675461247	push		false	master	dded4adf7c545c857412ac5f8e32ef18f4892010	d68417a1a7c0...dded4adf7c54	Update MCUdude_corefiles to the latest version	/home/travis/Arduino/hardware/MegaCore/avr/libraries/Ethernet/examples/TelnetClient/TelnetClient.ino	MegaCore:avr:can32:bootloader=uart0,BOD=3v8,LTO=Os,clock=8MHz_external	1.6.13	13988	613	0	false	0	1	doesn't define a 'build.board' preference	0	
2020-04-16 05:45:08	130	130.168	https://travis-ci.org/MCUdude/MegaCore/jobs/675461247	push		false	master	dded4adf7c545c857412ac5f8e32ef18f4892010	d68417a1a7c0...dded4adf7c54	Update MCUdude_corefiles to the latest version	/home/travis/Arduino/hardware/MegaCore/avr/libraries/Ethernet/examples/PachubeClient/PachubeClient.ino	MegaCore:avr:can32:bootloader=uart0,BOD=3v8,LTO=Os,clock=8MHz_external	1.6.13	18064	834	0	false	0	1	doesn't define a 'build.board' preference	0	
2020-04-16 05:45:14	130	130.168	https://travis-ci.org/MCUdude/MegaCore/jobs/675461247	push		false	master	dded4adf7c545c857412ac5f8e32ef18f4892010	d68417a1a7c0...dded4adf7c54	Update MCUdude_corefiles to the latest version	/home/travis/Arduino/hardware/MegaCore/avr/libraries/Ethernet/examples/PachubeClientString/PachubeClientString.ino	MegaCore:avr:can32:bootloader=uart0,BOD=3v8,LTO=Os,clock=8MHz_external	1.6.13	19908	854	0	false	0	1	doesn't define a 'build.board' preference	0	
2020-04-16 05:45:19	130	130.168	https://travis-ci.org/MCUdude/MegaCore/jobs/675461247	push		false	master	dded4adf7c545c857412ac5f8e32ef18f4892010	d68417a1a7c0...dded4adf7c54	Update MCUdude_corefiles to the latest version	/home/travis/Arduino/hardware/MegaCore/avr/libraries/Ethernet/examples/AdvancedChatServer/AdvancedChatServer.ino	MegaCore:avr:can32:bootloader=uart0,BOD=3v8,LTO=Os,clock=8MHz_external	1.6.13	15160	778	0	false	0	1	doesn't define a 'build.board' preference	0	
2020-04-16 05:45:24	130	130.168	https://travis-ci.org/MCUdude/MegaCore/jobs/675461247	push		false	master	dded4adf7c545c857412ac5f8e32ef18f4892010	d68417a1a7c0...dded4adf7c54	Update MCUdude_corefiles to the latest version	/home/travis/Arduino/hardware/MegaCore/avr/libraries/AVR_examples/examples/Blink_using_Timer0/Blink_using_Timer0.ino	MegaCore:avr:can32:bootloader=uart0,BOD=3v8,LTO=Os,clock=8MHz_external	1.6.13	286	3	0	false	0	1	doesn't define a 'build.board' preference	0	
2020-04-16 05:45:28	130	130.168	https://travis-ci.org/MCUdude/MegaCore/jobs/675461247	push		false	master	dded4adf7c545c857412ac5f8e32ef18f4892010	d68417a1a7c0...dded4adf7c54	Update MCUdude_corefiles to the latest version	/home/travis/Arduino/hardware/MegaCore/avr/libraries/AVR_examples/examples/Read_port_write_port/Read_port_write_port.ino	MegaCore:avr:can32:bootloader=uart0,BOD=3v8,LTO=Os,clock=8MHz_external	1.6.13	188	0	0	false	0	1	doesn't define a 'build.board' preference	0	
2020-04-16 05:45:33	130	130.168	https://travis-ci.org/MCUdude/MegaCore/jobs/675461247	push		false	master	dded4adf7c545c857412ac5f8e32ef18f4892010	d68417a1a7c0...dded4adf7c54	Update MCUdude_corefiles to the latest version	/home/travis/Arduino/hardware/MegaCore/avr/libraries/AVR_examples/examples/Measure_period_length/Measure_period_length.ino	MegaCore:avr:can32:bootloader=uart0,BOD=3v8,LTO=Os,clock=8MHz_external	1.6.13	1806	200	0	false	0	1	doesn't define a 'build.board' preference	0	
2020-04-16 05:45:37	130	130.168	https://travis-ci.org/MCUdude/MegaCore/jobs/675461247	push		false	master	dded4adf7c545c857412ac5f8e32ef18f4892010	d68417a1a7c0...dded4adf7c54	Update MCUdude_corefiles to the latest version	/home/travis/Arduino/hardware/MegaCore/avr/libraries/AVR_examples/examples/Watch_dog_timer/Watch_dog_timer.ino	MegaCore:avr:can32:bootloader=uart0,BOD=3v8,LTO=Os,clock=8MHz_external	1.6.13	278	2	0	false	0	1	doesn't define a 'build.board' preference	0	
2020-04-16 05:45:42	130	130.168	https://travis-ci.org/MCUdude/MegaCore/jobs/675461247	push		false	master	dded4adf7c545c857412ac5f8e32ef18f4892010	d68417a1a7c0...dded4adf7c54	Update MCUdude_corefiles to the latest version	/home/travis/Arduino/hardware/MegaCore/avr/libraries/AVR_examples/examples/Blink/Blink.ino	MegaCore:avr:can32:bootloader=uart0,BOD=3v8,LTO=Os,clock=8MHz_external	1.6.13	220	0	0	false	0	1	doesn't define a 'build.board' preference	0	
2020-04-16 05:45:47	130	130.168	https://travis-ci.org/MCUdude/MegaCore/jobs/675461247	push		false	master	dded4adf7c545c857412ac5f8e32ef18f4892010	d68417a1a7c0...dded4adf7c54	Update MCUdude_corefiles to the latest version	/home/travis/Arduino/hardware/MegaCore/avr/libraries/SD/examples/Datalogger/Datalogger.ino	MegaCore:avr:can32:bootloader=uart0,BOD=3v8,LTO=Os,clock=8MHz_external	1.6.13	14126	937	5	false	0	1	doesn't define a 'build.board' preference	0	
2020-04-16 05:45:52	130	130.168	https://travis-ci.org/MCUdude/MegaCore/jobs/675461247	push		false	master	dded4adf7c545c857412ac5f8e32ef18f4892010	d68417a1a7c0...dded4adf7c54	Update MCUdude_corefiles to the latest version	/home/travis/Arduino/hardware/MegaCore/avr/libraries/SD/examples/CardInfo/CardInfo.ino	MegaCore:avr:can32:bootloader=uart0,BOD=3v8,LTO=Os,clock=8MHz_external	1.6.13	11586	1364	5	false	0	1	doesn't define a 'build.board' preference	0	
2020-04-16 05:45:57	130	130.168	https://travis-ci.org/MCUdude/MegaCore/jobs/675461247	push		false	master	dded4adf7c545c857412ac5f8e32ef18f4892010	d68417a1a7c0...dded4adf7c54	Update MCUdude_corefiles to the latest version	/home/travis/Arduino/hardware/MegaCore/avr/libraries/SD/examples/ReadWrite/ReadWrite.ino	MegaCore:avr:can32:bootloader=uart0,BOD=3v8,LTO=Os,clock=8MHz_external	1.6.13	13020	1006	5	false	0	1	doesn't define a 'build.board' preference	0	
2020-04-16 05:46:02	130	130.168	https://travis-ci.org/MCUdude/MegaCore/jobs/675461247	push		false	master	dded4adf7c545c857412ac5f8e32ef18f4892010	d68417a1a7c0...dded4adf7c54	Update MCUdude_corefiles to the latest version	/home/travis/Arduino/hardware/MegaCore/avr/libraries/SD/examples/listfiles/listfiles.ino	MegaCore:avr:can32:bootloader=uart0,BOD=3v8,LTO=Os,clock=8MHz_external	1.6.13	13750	942	5	false	0	1	doesn't define a 'build.board' preference	0	
2020-04-16 05:46:08	130	130.168	https://travis-ci.org/MCUdude/MegaCore/jobs/675461247	push		false	master	dded4adf7c545c857412ac5f8e32ef18f4892010	d68417a1a7c0...dded4adf7c54	Update MCUdude_corefiles to the latest version	/home/travis/Arduino/hardware/MegaCore/avr/libraries/SD/examples/DumpFile/DumpFile.ino	MegaCore:avr:can32:bootloader=uart0,BOD=3v8,LTO=Os,clock=8MHz_external	1.6.13	12694	935	5	false	0	1	doesn't define a 'build.board' preference	0	
2020-04-16 05:46:13	130	130.168	https://travis-ci.org/MCUdude/MegaCore/jobs/675461247	push		false	master	dded4adf7c545c857412ac5f8e32ef18f4892010	d68417a1a7c0...dded4adf7c54	Update MCUdude_corefiles to the latest version	/home/travis/Arduino/hardware/MegaCore/avr/libraries/SD/examples/Files/Files.ino	MegaCore:avr:can32:bootloader=uart0,BOD=3v8,LTO=Os,clock=8MHz_external	1.6.13	13634	1040	5	false	0	1	doesn't define a 'build.board' preference	0	
2020-04-16 05:46:17	130	130.168	https://travis-ci.org/MCUdude/MegaCore/jobs/675461247	push		false	master	dded4adf7c545c857412ac5f8e32ef18f4892010	d68417a1a7c0...dded4adf7c54	Update MCUdude_corefiles to the latest version	/home/travis/Arduino/hardware/MegaCore/avr/libraries/SoftwareSerial/examples/SoftwareSerialExample/SoftwareSerialExample.ino	MegaCore:avr:can32:bootloader=uart0,BOD=3v8,LTO=Os,clock=8MHz_external	1.6.13	4654	359	0	false	0	1	doesn't define a 'build.board' preference	0	
2020-04-16 05:46:22	130	130.168	https://travis-ci.org/MCUdude/MegaCore/jobs/675461247	push		false	master	dded4adf7c545c857412ac5f8e32ef18f4892010	d68417a1a7c0...dded4adf7c54	Update MCUdude_corefiles to the latest version	/home/travis/Arduino/hardware/MegaCore/avr/libraries/SoftwareSerial/examples/TwoPortReceive/TwoPortReceive.ino	MegaCore:avr:can32:bootloader=uart0,BOD=3v8,LTO=Os,clock=8MHz_external	1.6.13	4740	400	0	false	0	1	doesn't define a 'build.board' preference	0	
2020-04-16 05:46:26	130	130.168	https://travis-ci.org/MCUdude/MegaCore/jobs/675461247	push		false	master	dded4adf7c545c857412ac5f8e32ef18f4892010	d68417a1a7c0...dded4adf7c54	Update MCUdude_corefiles to the latest version	/home/travis/Arduino/hardware/MegaCore/avr/libraries/Servo/examples/Knob/Knob.ino	MegaCore:avr:can32:bootloader=uart0,BOD=3v8,LTO=Os,clock=8MHz_external	1.6.13	2882	60	0	false	0	1	doesn't define a 'build.board' preference	0	
2020-04-16 05:46:31	130	130.168	https://travis-ci.org/MCUdude/MegaCore/jobs/675461247	push		false	master	dded4adf7c545c857412ac5f8e32ef18f4892010	d68417a1a7c0...dded4adf7c54	Update MCUdude_corefiles to the latest version	/home/travis/Arduino/hardware/MegaCore/avr/libraries/Servo/examples/Sweep/Sweep.ino	MegaCore:avr:can32:bootloader=uart0,BOD=3v8,LTO=Os,clock=8MHz_external	1.6.13	2804	56	0	false	0	1	doesn't define a 'build.board' preference	0	
2020-04-16 05:46:35	130	130.168	https://travis-ci.org/MCUdude/MegaCore/jobs/675461247	push		false	master	dded4adf7c545c857412ac5f8e32ef18f4892010	d68417a1a7c0...dded4adf7c54	Update MCUdude_corefiles to the latest version	/home/travis/Arduino/hardware/MegaCore/avr/libraries/EEPROM/examples/eeprom_get/eeprom_get.ino	MegaCore:avr:can32:bootloader=uart0,BOD=3v8,LTO=Os,clock=8MHz_external	1.6.13	3974	256	0	false	0	1	doesn't define a 'build.board' preference	0	
2020-04-16 05:46:40	130	130.168	https://travis-ci.org/MCUdude/MegaCore/jobs/675461247	push		false	master	dded4adf7c545c857412ac5f8e32ef18f4892010	d68417a1a7c0...dded4adf7c54	Update MCUdude_corefiles to the latest version	/home/travis/Arduino/hardware/MegaCore/avr/libraries/EEPROM/examples/eeprom_crc/eeprom_crc.ino	MegaCore:avr:can32:bootloader=uart0,BOD=3v8,LTO=Os,clock=8MHz_external	1.6.13	2496	310	0	false	0	1	doesn't define a 'build.board' preference	0	
2020-04-16 05:46:44	130	130.168	https://travis-ci.org/MCUdude/MegaCore/jobs/675461247	push		false	master	dded4adf7c545c857412ac5f8e32ef18f4892010	d68417a1a7c0...dded4adf7c54	Update MCUdude_corefiles to the latest version	/home/travis/Arduino/hardware/MegaCore/avr/libraries/EEPROM/examples/eeprom_read/eeprom_read.ino	MegaCore:avr:can32:bootloader=uart0,BOD=3v8,LTO=Os,clock=8MHz_external	1.6.13	2272	203	0	false	0	1	doesn't define a 'build.board' preference	0	
2020-04-16 05:46:49	130	130.168	https://travis-ci.org/MCUdude/MegaCore/jobs/675461247	push		false	master	dded4adf7c545c857412ac5f8e32ef18f4892010	d68417a1a7c0...dded4adf7c54	Update MCUdude_corefiles to the latest version	/home/travis/Arduino/hardware/MegaCore/avr/libraries/EEPROM/examples/eeprom_clear/eeprom_clear.ino	MegaCore:avr:can32:bootloader=uart0,BOD=3v8,LTO=Os,clock=8MHz_external	1.6.13	980	9	0	false	0	1	doesn't define a 'build.board' preference	0	
2020-04-16 05:46:53	130	130.168	https://travis-ci.org/MCUdude/MegaCore/jobs/675461247	push		false	master	dded4adf7c545c857412ac5f8e32ef18f4892010	d68417a1a7c0...dded4adf7c54	Update MCUdude_corefiles to the latest version	/home/travis/Arduino/hardware/MegaCore/avr/libraries/EEPROM/examples/eeprom_write/eeprom_write.ino	MegaCore:avr:can32:bootloader=uart0,BOD=3v8,LTO=Os,clock=8MHz_external	1.6.13	906	13	0	false	0	1	doesn't define a 'build.board' preference	0	
2020-04-16 05:46:57	130	130.168	https://travis-ci.org/MCUdude/MegaCore/jobs/675461247	push		false	master	dded4adf7c545c857412ac5f8e32ef18f4892010	d68417a1a7c0...dded4adf7c54	Update MCUdude_corefiles to the latest version	/home/travis/Arduino/hardware/MegaCore/avr/libraries/EEPROM/examples/eeprom_iteration/eeprom_iteration.ino	MegaCore:avr:can32:bootloader=uart0,BOD=3v8,LTO=Os,clock=8MHz_external	1.6.13	736	9	0	false	0	1	doesn't define a 'build.board' preference	0	
2020-04-16 05:47:02	130	130.168	https://travis-ci.org/MCUdude/MegaCore/jobs/675461247	push		false	master	dded4adf7c545c857412ac5f8e32ef18f4892010	d68417a1a7c0...dded4adf7c54	Update MCUdude_corefiles to the latest version	/home/travis/Arduino/hardware/MegaCore/avr/libraries/EEPROM/examples/eeprom_update/eeprom_update.ino	MegaCore:avr:can32:bootloader=uart0,BOD=3v8,LTO=Os,clock=8MHz_external	1.6.13	956	13	0	false	0	1	doesn't define a 'build.board' preference	0	
2020-04-16 05:47:06	130	130.168	https://travis-ci.org/MCUdude/MegaCore/jobs/675461247	push		false	master	dded4adf7c545c857412ac5f8e32ef18f4892010	d68417a1a7c0...dded4adf7c54	Update MCUdude_corefiles to the latest version	/home/travis/Arduino/hardware/MegaCore/avr/libraries/EEPROM/examples/eeprom_put/eeprom_put.ino	MegaCore:avr:can32:bootloader=uart0,BOD=3v8,LTO=Os,clock=8MHz_external	1.6.13	2218	340	0	false	0	1	doesn't define a 'build.board' preference	0	
2020-04-16 05:47:11	130	130.168	https://travis-ci.org/MCUdude/MegaCore/jobs/675461247	push		false	master	dded4adf7c545c857412ac5f8e32ef18f4892010	d68417a1a7c0...dded4adf7c54	Update MCUdude_corefiles to the latest version	/home/travis/Arduino/hardware/MegaCore/avr/libraries/Optiboot_flasher/examples/SerialReadWrite/SerialReadWrite.ino	MegaCore:avr:can32:bootloader=uart0,BOD=3v8,LTO=Os,clock=8MHz_external	1.6.13	7674	465	0	false	0	1	doesn't define a 'build.board' preference	0	
2020-04-16 05:47:16	130	130.168	https://travis-ci.org/MCUdude/MegaCore/jobs/675461247	push		false	master	dded4adf7c545c857412ac5f8e32ef18f4892010	d68417a1a7c0...dded4adf7c54	Update MCUdude_corefiles to the latest version	/home/travis/Arduino/hardware/MegaCore/avr/libraries/Timer/examples/Events/Events.ino	MegaCore:avr:can32:bootloader=uart0,BOD=3v8,LTO=Os,clock=8MHz_external	1.6.13	4016	550	0	false	0	1	doesn't define a 'build.board' preference	0	
2020-04-16 05:47:20	130	130.168	https://travis-ci.org/MCUdude/MegaCore/jobs/675461247	push		false	master	dded4adf7c545c857412ac5f8e32ef18f4892010	d68417a1a7c0...dded4adf7c54	Update MCUdude_corefiles to the latest version	/home/travis/Arduino/hardware/MegaCore/avr/libraries/Timer/examples/Pin_high_10_minutes/Pin_high_10_minutes.ino	MegaCore:avr:can32:bootloader=uart0,BOD=3v8,LTO=Os,clock=8MHz_external	1.6.13	1680	205	1	false	0	1	doesn't define a 'build.board' preference	0	
2020-04-16 05:47:25	130	130.168	https://travis-ci.org/MCUdude/MegaCore/jobs/675461247	push		false	master	dded4adf7c545c857412ac5f8e32ef18f4892010	d68417a1a7c0...dded4adf7c54	Update MCUdude_corefiles to the latest version	/home/travis/Arduino/hardware/MegaCore/avr/libraries/Timer/examples/Multitasking/Multitasking.ino	MegaCore:avr:can32:bootloader=uart0,BOD=3v8,LTO=Os,clock=8MHz_external	1.6.13	3514	454	1	false	0	1	doesn't define a 'build.board' preference	0	
2020-04-16 05:47:29	130	130.168	https://travis-ci.org/MCUdude/MegaCore/jobs/675461247	push		false	master	dded4adf7c545c857412ac5f8e32ef18f4892010	d68417a1a7c0...dded4adf7c54	Update MCUdude_corefiles to the latest version	/home/travis/Arduino/hardware/MegaCore/avr/libraries/Timer/examples/TimerTest/TimerTest.ino	MegaCore:avr:can32:bootloader=uart0,BOD=3v8,LTO=Os,clock=8MHz_external	1.6.13	1644	203	0	false	0	1	doesn't define a 'build.board' preference	0	
2020-04-16 05:47:34	130	130.168	https://travis-ci.org/MCUdude/MegaCore/jobs/675461247	push		false	master	dded4adf7c545c857412ac5f8e32ef18f4892010	d68417a1a7c0...dded4adf7c54	Update MCUdude_corefiles to the latest version	/home/travis/Arduino/hardware/MegaCore/avr/libraries/SPI/examples/BarometricPressureSensor/BarometricPressureSensor.ino	MegaCore:avr:can32:bootloader=uart0,BOD=3v8,LTO=Os,clock=8MHz_external	1.6.13	6894	235	1	false	0	1	doesn't define a 'build.board' preference	0	
2020-04-16 05:47:38	130	130.168	https://travis-ci.org/MCUdude/MegaCore/jobs/675461247	push		false	master	dded4adf7c545c857412ac5f8e32ef18f4892010	d68417a1a7c0...dded4adf7c54	Update MCUdude_corefiles to the latest version	/home/travis/Arduino/hardware/MegaCore/avr/libraries/SPI/examples/DigitalPotControl/DigitalPotControl.ino	MegaCore:avr:can32:bootloader=uart0,BOD=3v8,LTO=Os,clock=8MHz_external	1.6.13	1526	10	0	false	0	1	doesn't define a 'build.board' preference	0	
2020-04-16 05:47:43	130	130.168	https://travis-ci.org/MCUdude/MegaCore/jobs/675461247	push		false	master	dded4adf7c545c857412ac5f8e32ef18f4892010	d68417a1a7c0...dded4adf7c54	Update MCUdude_corefiles to the latest version	/home/travis/Arduino/hardware/MegaCore/avr/libraries/Wire/examples/i2c_scanner/i2c_scanner.ino	MegaCore:avr:can32:bootloader=uart0,BOD=3v8,LTO=Os,clock=8MHz_external	1.6.13	4426	528	2	false	0	1	doesn't define a 'build.board' preference	0	
2020-04-16 05:47:48	130	130.168	https://travis-ci.org/MCUdude/MegaCore/jobs/675461247	push		false	master	dded4adf7c545c857412ac5f8e32ef18f4892010	d68417a1a7c0...dded4adf7c54	Update MCUdude_corefiles to the latest version	/home/travis/Arduino/hardware/MegaCore/avr/libraries/Wire/examples/SFRRanger_reader/SFRRanger_reader.ino	MegaCore:avr:can32:bootloader=uart0,BOD=3v8,LTO=Os,clock=8MHz_external	1.6.13	4710	412	2	false	0	1	doesn't define a 'build.board' preference	0	
2020-04-16 05:47:52	130	130.168	https://travis-ci.org/MCUdude/MegaCore/jobs/675461247	push		false	master	dded4adf7c545c857412ac5f8e32ef18f4892010	d68417a1a7c0...dded4adf7c54	Update MCUdude_corefiles to the latest version	/home/travis/Arduino/hardware/MegaCore/avr/libraries/Wire/examples/master_writer/master_writer.ino	MegaCore:avr:can32:bootloader=uart0,BOD=3v8,LTO=Os,clock=8MHz_external	1.6.13	2752	228	2	false	0	1	doesn't define a 'build.board' preference	0	
2020-04-16 05:47:57	130	130.168	https://travis-ci.org/MCUdude/MegaCore/jobs/675461247	push		false	master	dded4adf7c545c857412ac5f8e32ef18f4892010	d68417a1a7c0...dded4adf7c54	Update MCUdude_corefiles to the latest version	/home/travis/Arduino/hardware/MegaCore/avr/libraries/Wire/examples/digital_potentiometer/digital_potentiometer.ino	MegaCore:avr:can32:bootloader=uart0,BOD=3v8,LTO=Os,clock=8MHz_external	1.6.13	2738	222	2	false	0	1	doesn't define a 'build.board' preference	0	
2020-04-16 05:48:01	130	130.168	https://travis-ci.org/MCUdude/MegaCore/jobs/675461247	push		false	master	dded4adf7c545c857412ac5f8e32ef18f4892010	d68417a1a7c0...dded4adf7c54	Update MCUdude_corefiles to the latest version	/home/travis/Arduino/hardware/MegaCore/avr/libraries/Wire/examples/slave_receiver/slave_receiver.ino	MegaCore:avr:can32:bootloader=uart0,BOD=3v8,LTO=Os,clock=8MHz_external	1.6.13	4076	409	3	false	0	1	doesn't define a 'build.board' preference	0	
2020-04-16 05:48:06	130	130.168	https://travis-ci.org/MCUdude/MegaCore/jobs/675461247	push		false	master	dded4adf7c545c857412ac5f8e32ef18f4892010	d68417a1a7c0...dded4adf7c54	Update MCUdude_corefiles to the latest version	/home/travis/Arduino/hardware/MegaCore/avr/libraries/Wire/examples/master_reader/master_reader.ino	MegaCore:avr:can32:bootloader=uart0,BOD=3v8,LTO=Os,clock=8MHz_external	1.6.13	4176	394	2	false	0	1	doesn't define a 'build.board' preference	0	
2020-04-16 05:48:10	130	130.168	https://travis-ci.org/MCUdude/MegaCore/jobs/675461247	push		false	master	dded4adf7c545c857412ac5f8e32ef18f4892010	d68417a1a7c0...dded4adf7c54	Update MCUdude_corefiles to the latest version	/home/travis/Arduino/hardware/MegaCore/avr/libraries/Wire/examples/slave_sender/slave_sender.ino	MegaCore:avr:can32:bootloader=uart0,BOD=3v8,LTO=Os,clock=8MHz_external	1.6.13	2540	228	2	false	0	1	doesn't define a 'build.board' preference	0	
2020-04-16 05:48:16	130	130.168	https://travis-ci.org/MCUdude/MegaCore/jobs/675461247	push		false	master	dded4adf7c545c857412ac5f8e32ef18f4892010	d68417a1a7c0...dded4adf7c54	Update MCUdude_corefiles to the latest version	/home/travis/Arduino/hardware/MegaCore/avr/libraries/Ethernet/examples/UDPSendReceiveString/UDPSendReceiveString.ino	MegaCore:avr:can32:bootloader=uart0,BOD=3v8,LTO=Os,clock=8MHz_external	1.8.6	11666	593	0	false	0	1	doesn't define a 'build.board' preference	0	
2020-04-16 05:48:19	130	130.168	https://travis-ci.org/MCUdude/MegaCore/jobs/675461247	push		false	master	dded4adf7c545c857412ac5f8e32ef18f4892010	d68417a1a7c0...dded4adf7c54	Update MCUdude_corefiles to the latest version	/home/travis/Arduino/hardware/MegaCore/avr/libraries/Ethernet/examples/TwitterClient/TwitterClient.ino	MegaCore:avr:can32:bootloader=uart0,BOD=3v8,LTO=Os,clock=8MHz_external	1.8.6	18794	866	0	false	0	1	doesn't define a 'build.board' preference	0	
2020-04-16 05:48:23	130	130.168	https://travis-ci.org/MCUdude/MegaCore/jobs/675461247	push		false	master	dded4adf7c545c857412ac5f8e32ef18f4892010	d68417a1a7c0...dded4adf7c54	Update MCUdude_corefiles to the latest version	/home/travis/Arduino/hardware/MegaCore/avr/libraries/Ethernet/examples/WebClientRepeating/WebClientRepeating.ino	MegaCore:avr:can32:bootloader=uart0,BOD=3v8,LTO=Os,clock=8MHz_external	1.8.6	17084	911	0	false	0	1	doesn't define a 'build.board' preference	0	
2020-04-16 05:48:26	130	130.168	https://travis-ci.org/MCUdude/MegaCore/jobs/675461247	push		false	master	dded4adf7c545c857412ac5f8e32ef18f4892010	d68417a1a7c0...dded4adf7c54	Update MCUdude_corefiles to the latest version	/home/travis/Arduino/hardware/MegaCore/avr/libraries/Ethernet/examples/UdpNtpClient/UdpNtpClient.ino	MegaCore:avr:can32:bootloader=uart0,BOD=3v8,LTO=Os,clock=8MHz_external	1.8.6	15110	777	0	false	0	1	doesn't define a 'build.board' preference	0	
2020-04-16 05:48:30	130	130.168	https://travis-ci.org/MCUdude/MegaCore/jobs/675461247	push		false	master	dded4adf7c545c857412ac5f8e32ef18f4892010	d68417a1a7c0...dded4adf7c54	Update MCUdude_corefiles to the latest version	/home/travis/Arduino/hardware/MegaCore/avr/libraries/Ethernet/examples/WebClient/WebClient.ino	MegaCore:avr:can32:bootloader=uart0,BOD=3v8,LTO=Os,clock=8MHz_external	1.8.6	19150	961	0	false	0	1	doesn't define a 'build.board' preference	0	
2020-04-16 05:48:33	130	130.168	https://travis-ci.org/MCUdude/MegaCore/jobs/675461247	push		false	master	dded4adf7c545c857412ac5f8e32ef18f4892010	d68417a1a7c0...dded4adf7c54	Update MCUdude_corefiles to the latest version	/home/travis/Arduino/hardware/MegaCore/avr/libraries/Ethernet/examples/ChatServer/ChatServer.ino	MegaCore:avr:can32:bootloader=uart0,BOD=3v8,LTO=Os,clock=8MHz_external	1.8.6	13536	619	0	false	0	1	doesn't define a 'build.board' preference	0	
2020-04-16 05:48:37	130	130.168	https://travis-ci.org/MCUdude/MegaCore/jobs/675461247	push		false	master	dded4adf7c545c857412ac5f8e32ef18f4892010	d68417a1a7c0...dded4adf7c54	Update MCUdude_corefiles to the latest version	/home/travis/Arduino/hardware/MegaCore/avr/libraries/Ethernet/examples/DhcpAddressPrinter/DhcpAddressPrinter.ino	MegaCore:avr:can32:bootloader=uart0,BOD=3v8,LTO=Os,clock=8MHz_external	1.8.6	14822	744	0	false	0	1	doesn't define a 'build.board' preference	0	
2020-04-16 05:48:40	130	130.168	https://travis-ci.org/MCUdude/MegaCore/jobs/675461247	push		false	master	dded4adf7c545c857412ac5f8e32ef18f4892010	d68417a1a7c0...dded4adf7c54	Update MCUdude_corefiles to the latest version	/home/travis/Arduino/hardware/MegaCore/avr/libraries/Ethernet/examples/XivelyClient/XivelyClient.ino	MegaCore:avr:can32:bootloader=uart0,BOD=3v8,LTO=Os,clock=8MHz_external	1.8.6	17420	826	0	false	0	1	doesn't define a 'build.board' preference	0	
2020-04-16 05:48:44	130	130.168	https://travis-ci.org/MCUdude/MegaCore/jobs/675461247	push		false	master	dded4adf7c545c857412ac5f8e32ef18f4892010	d68417a1a7c0...dded4adf7c54	Update MCUdude_corefiles to the latest version	/home/travis/Arduino/hardware/MegaCore/avr/libraries/Ethernet/examples/XivelyClientString/XivelyClientString.ino	MegaCore:avr:can32:bootloader=uart0,BOD=3v8,LTO=Os,clock=8MHz_external	1.8.6	19246	846	0	false	0	1	doesn't define a 'build.board' preference	0	
2020-04-16 05:48:47	130	130.168	https://travis-ci.org/MCUdude/MegaCore/jobs/675461247	push		false	master	dded4adf7c545c857412ac5f8e32ef18f4892010	d68417a1a7c0...dded4adf7c54	Update MCUdude_corefiles to the latest version	/home/travis/Arduino/hardware/MegaCore/avr/libraries/Ethernet/examples/LinkStatus/LinkStatus.ino	MegaCore:avr:can32:bootloader=uart0,BOD=3v8,LTO=Os,clock=8MHz_external	1.8.6	4966	304	0	false	0	1	doesn't define a 'build.board' preference	0	
2020-04-16 05:48:51	130	130.168	https://travis-ci.org/MCUdude/MegaCore/jobs/675461247	push		false	master	dded4adf7c545c857412ac5f8e32ef18f4892010	d68417a1a7c0...dded4adf7c54	Update MCUdude_corefiles to the latest version	/home/travis/Arduino/hardware/MegaCore/avr/libraries/Ethernet/examples/BarometricPressureWebServer/BarometricPressureWebServer.ino	MegaCore:avr:can32:bootloader=uart0,BOD=3v8,LTO=Os,clock=8MHz_external	1.8.6	18108	680	2	false	0	1	doesn't define a 'build.board' preference	0	
2020-04-16 05:48:54	130	130.168	https://travis-ci.org/MCUdude/MegaCore/jobs/675461247	push		false	master	dded4adf7c545c857412ac5f8e32ef18f4892010	d68417a1a7c0...dded4adf7c54	Update MCUdude_corefiles to the latest version	/home/travis/Arduino/hardware/MegaCore/avr/libraries/Ethernet/examples/DhcpChatServer/DhcpChatServer.ino	MegaCore:avr:can32:bootloader=uart0,BOD=3v8,LTO=Os,clock=8MHz_external	1.8.6	17724	807	0	false	0	1	doesn't define a 'build.board' preference	0	
2020-04-16 05:48:58	130	130.168	https://travis-ci.org/MCUdude/MegaCore/jobs/675461247	push		false	master	dded4adf7c545c857412ac5f8e32ef18f4892010	d68417a1a7c0...dded4adf7c54	Update MCUdude_corefiles to the latest version	/home/travis/Arduino/hardware/MegaCore/avr/libraries/Ethernet/examples/WebServer/WebServer.ino	MegaCore:avr:can32:bootloader=uart0,BOD=3v8,LTO=Os,clock=8MHz_external	1.8.6	14490	742	0	false	0	1	doesn't define a 'build.board' preference	0	
2020-04-16 05:49:01	130	130.168	https://travis-ci.org/MCUdude/MegaCore/jobs/675461247	push		false	master	dded4adf7c545c857412ac5f8e32ef18f4892010	d68417a1a7c0...dded4adf7c54	Update MCUdude_corefiles to the latest version	/home/travis/Arduino/hardware/MegaCore/avr/libraries/Ethernet/examples/TelnetClient/TelnetClient.ino	MegaCore:avr:can32:bootloader=uart0,BOD=3v8,LTO=Os,clock=8MHz_external	1.8.6	13224	603	0	false	0	1	doesn't define a 'build.board' preference	0	
2020-04-16 05:49:05	130	130.168	https://travis-ci.org/MCUdude/MegaCore/jobs/675461247	push		false	master	dded4adf7c545c857412ac5f8e32ef18f4892010	d68417a1a7c0...dded4adf7c54	Update MCUdude_corefiles to the latest version	/home/travis/Arduino/hardware/MegaCore/avr/libraries/Ethernet/examples/PachubeClient/PachubeClient.ino	MegaCore:avr:can32:bootloader=uart0,BOD=3v8,LTO=Os,clock=8MHz_external	1.8.6	17422	828	0	false	0	1	doesn't define a 'build.board' preference	0	
2020-04-16 05:49:08	130	130.168	https://travis-ci.org/MCUdude/MegaCore/jobs/675461247	push		false	master	dded4adf7c545c857412ac5f8e32ef18f4892010	d68417a1a7c0...dded4adf7c54	Update MCUdude_corefiles to the latest version	/home/travis/Arduino/hardware/MegaCore/avr/libraries/Ethernet/examples/PachubeClientString/PachubeClientString.ino	MegaCore:avr:can32:bootloader=uart0,BOD=3v8,LTO=Os,clock=8MHz_external	1.8.6	19248	848	0	false	0	1	doesn't define a 'build.board' preference	0	
2020-04-16 05:49:11	130	130.168	https://travis-ci.org/MCUdude/MegaCore/jobs/675461247	push		false	master	dded4adf7c545c857412ac5f8e32ef18f4892010	d68417a1a7c0...dded4adf7c54	Update MCUdude_corefiles to the latest version	/home/travis/Arduino/hardware/MegaCore/avr/libraries/Ethernet/examples/AdvancedChatServer/AdvancedChatServer.ino	MegaCore:avr:can32:bootloader=uart0,BOD=3v8,LTO=Os,clock=8MHz_external	1.8.6	14278	768	0	false	0	1	doesn't define a 'build.board' preference	0	
2020-04-16 05:49:14	130	130.168	https://travis-ci.org/MCUdude/MegaCore/jobs/675461247	push		false	master	dded4adf7c545c857412ac5f8e32ef18f4892010	d68417a1a7c0...dded4adf7c54	Update MCUdude_corefiles to the latest version	/home/travis/Arduino/hardware/MegaCore/avr/libraries/AVR_examples/examples/Blink_using_Timer0/Blink_using_Timer0.ino	MegaCore:avr:can32:bootloader=uart0,BOD=3v8,LTO=Os,clock=8MHz_external	1.8.6	286	3	0	false	0	1	doesn't define a 'build.board' preference	0	
2020-04-16 05:49:17	130	130.168	https://travis-ci.org/MCUdude/MegaCore/jobs/675461247	push		false	master	dded4adf7c545c857412ac5f8e32ef18f4892010	d68417a1a7c0...dded4adf7c54	Update MCUdude_corefiles to the latest version	/home/travis/Arduino/hardware/MegaCore/avr/libraries/AVR_examples/examples/Read_port_write_port/Read_port_write_port.ino	MegaCore:avr:can32:bootloader=uart0,BOD=3v8,LTO=Os,clock=8MHz_external	1.8.6	188	0	0	false	0	1	doesn't define a 'build.board' preference	0	
2020-04-16 05:49:19	130	130.168	https://travis-ci.org/MCUdude/MegaCore/jobs/675461247	push		false	master	dded4adf7c545c857412ac5f8e32ef18f4892010	d68417a1a7c0...dded4adf7c54	Update MCUdude_corefiles to the latest version	/home/travis/Arduino/hardware/MegaCore/avr/libraries/AVR_examples/examples/Measure_period_length/Measure_period_length.ino	MegaCore:avr:can32:bootloader=uart0,BOD=3v8,LTO=Os,clock=8MHz_external	1.8.6	1804	200	0	false	0	1	doesn't define a 'build.board' preference	0	
2020-04-16 05:49:22	130	130.168	https://travis-ci.org/MCUdude/MegaCore/jobs/675461247	push		false	master	dded4adf7c545c857412ac5f8e32ef18f4892010	d68417a1a7c0...dded4adf7c54	Update MCUdude_corefiles to the latest version	/home/travis/Arduino/hardware/MegaCore/avr/libraries/AVR_examples/examples/Watch_dog_timer/Watch_dog_timer.ino	MegaCore:avr:can32:bootloader=uart0,BOD=3v8,LTO=Os,clock=8MHz_external	1.8.6	278	2	0	false	0	1	doesn't define a 'build.board' preference	0	
2020-04-16 05:49:24	130	130.168	https://travis-ci.org/MCUdude/MegaCore/jobs/675461247	push		false	master	dded4adf7c545c857412ac5f8e32ef18f4892010	d68417a1a7c0...dded4adf7c54	Update MCUdude_corefiles to the latest version	/home/travis/Arduino/hardware/MegaCore/avr/libraries/AVR_examples/examples/Blink/Blink.ino	MegaCore:avr:can32:bootloader=uart0,BOD=3v8,LTO=Os,clock=8MHz_external	1.8.6	220	0	0	false	0	1	doesn't define a 'build.board' preference	0	
2020-04-16 05:49:28	130	130.168	https://travis-ci.org/MCUdude/MegaCore/jobs/675461247	push		false	master	dded4adf7c545c857412ac5f8e32ef18f4892010	d68417a1a7c0...dded4adf7c54	Update MCUdude_corefiles to the latest version	/home/travis/Arduino/hardware/MegaCore/avr/libraries/SD/examples/Datalogger/Datalogger.ino	MegaCore:avr:can32:bootloader=uart0,BOD=3v8,LTO=Os,clock=8MHz_external	1.8.6	14018	937	5	false	0	1	doesn't define a 'build.board' preference	0	
2020-04-16 05:49:31	130	130.168	https://travis-ci.org/MCUdude/MegaCore/jobs/675461247	push		false	master	dded4adf7c545c857412ac5f8e32ef18f4892010	d68417a1a7c0...dded4adf7c54	Update MCUdude_corefiles to the latest version	/home/travis/Arduino/hardware/MegaCore/avr/libraries/SD/examples/CardInfo/CardInfo.ino	MegaCore:avr:can32:bootloader=uart0,BOD=3v8,LTO=Os,clock=8MHz_external	1.8.6	11494	1358	5	false	0	1	doesn't define a 'build.board' preference	0	
2020-04-16 05:49:34	130	130.168	https://travis-ci.org/MCUdude/MegaCore/jobs/675461247	push		false	master	dded4adf7c545c857412ac5f8e32ef18f4892010	d68417a1a7c0...dded4adf7c54	Update MCUdude_corefiles to the latest version	/home/travis/Arduino/hardware/MegaCore/avr/libraries/SD/examples/ReadWrite/ReadWrite.ino	MegaCore:avr:can32:bootloader=uart0,BOD=3v8,LTO=Os,clock=8MHz_external	1.8.6	12866	1006	5	false	0	1	doesn't define a 'build.board' preference	0	
2020-04-16 05:49:38	130	130.168	https://travis-ci.org/MCUdude/MegaCore/jobs/675461247	push		false	master	dded4adf7c545c857412ac5f8e32ef18f4892010	d68417a1a7c0...dded4adf7c54	Update MCUdude_corefiles to the latest version	/home/travis/Arduino/hardware/MegaCore/avr/libraries/SD/examples/listfiles/listfiles.ino	MegaCore:avr:can32:bootloader=uart0,BOD=3v8,LTO=Os,clock=8MHz_external	1.8.6	13606	942	5	false	0	1	doesn't define a 'build.board' preference	0	
2020-04-16 05:49:41	130	130.168	https://travis-ci.org/MCUdude/MegaCore/jobs/675461247	push		false	master	dded4adf7c545c857412ac5f8e32ef18f4892010	d68417a1a7c0...dded4adf7c54	Update MCUdude_corefiles to the latest version	/home/travis/Arduino/hardware/MegaCore/avr/libraries/SD/examples/DumpFile/DumpFile.ino	MegaCore:avr:can32:bootloader=uart0,BOD=3v8,LTO=Os,clock=8MHz_external	1.8.6	12594	935	5	false	0	1	doesn't define a 'build.board' preference	0	
2020-04-16 05:49:45	130	130.168	https://travis-ci.org/MCUdude/MegaCore/jobs/675461247	push		false	master	dded4adf7c545c857412ac5f8e32ef18f4892010	d68417a1a7c0...dded4adf7c54	Update MCUdude_corefiles to the latest version	/home/travis/Arduino/hardware/MegaCore/avr/libraries/SD/examples/Files/Files.ino	MegaCore:avr:can32:bootloader=uart0,BOD=3v8,LTO=Os,clock=8MHz_external	1.8.6	13546	1040	5	false	0	1	doesn't define a 'build.board' preference	0	
2020-04-16 05:49:47	130	130.168	https://travis-ci.org/MCUdude/MegaCore/jobs/675461247	push		false	master	dded4adf7c545c857412ac5f8e32ef18f4892010	d68417a1a7c0...dded4adf7c54	Update MCUdude_corefiles to the latest version	/home/travis/Arduino/hardware/MegaCore/avr/libraries/SoftwareSerial/examples/SoftwareSerialExample/SoftwareSerialExample.ino	MegaCore:avr:can32:bootloader=uart0,BOD=3v8,LTO=Os,clock=8MHz_external	1.8.6	4640	359	0	false	0	1	doesn't define a 'build.board' preference	0	
2020-04-16 05:49:50	130	130.168	https://travis-ci.org/MCUdude/MegaCore/jobs/675461247	push		false	master	dded4adf7c545c857412ac5f8e32ef18f4892010	d68417a1a7c0...dded4adf7c54	Update MCUdude_corefiles to the latest version	/home/travis/Arduino/hardware/MegaCore/avr/libraries/SoftwareSerial/examples/TwoPortReceive/TwoPortReceive.ino	MegaCore:avr:can32:bootloader=uart0,BOD=3v8,LTO=Os,clock=8MHz_external	1.8.6	4726	400	0	false	0	1	doesn't define a 'build.board' preference	0	
2020-04-16 05:49:53	130	130.168	https://travis-ci.org/MCUdude/MegaCore/jobs/675461247	push		false	master	dded4adf7c545c857412ac5f8e32ef18f4892010	d68417a1a7c0...dded4adf7c54	Update MCUdude_corefiles to the latest version	/home/travis/Arduino/hardware/MegaCore/avr/libraries/Servo/examples/Knob/Knob.ino	MegaCore:avr:can32:bootloader=uart0,BOD=3v8,LTO=Os,clock=8MHz_external	1.8.6	2874	56	0	false	0	1	doesn't define a 'build.board' preference	0	
2020-04-16 05:49:55	130	130.168	https://travis-ci.org/MCUdude/MegaCore/jobs/675461247	push		false	master	dded4adf7c545c857412ac5f8e32ef18f4892010	d68417a1a7c0...dded4adf7c54	Update MCUdude_corefiles to the latest version	/home/travis/Arduino/hardware/MegaCore/avr/libraries/Servo/examples/Sweep/Sweep.ino	MegaCore:avr:can32:bootloader=uart0,BOD=3v8,LTO=Os,clock=8MHz_external	1.8.6	2796	52	0	false	0	1	doesn't define a 'build.board' preference	0	
2020-04-16 05:49:58	130	130.168	https://travis-ci.org/MCUdude/MegaCore/jobs/675461247	push		false	master	dded4adf7c545c857412ac5f8e32ef18f4892010	d68417a1a7c0...dded4adf7c54	Update MCUdude_corefiles to the latest version	/home/travis/Arduino/hardware/MegaCore/avr/libraries/EEPROM/examples/eeprom_get/eeprom_get.ino	MegaCore:avr:can32:bootloader=uart0,BOD=3v8,LTO=Os,clock=8MHz_external	1.8.6	3974	256	0	false	0	1	doesn't define a 'build.board' preference	0	
2020-04-16 05:50:01	130	130.168	https://travis-ci.org/MCUdude/MegaCore/jobs/675461247	push		false	master	dded4adf7c545c857412ac5f8e32ef18f4892010	d68417a1a7c0...dded4adf7c54	Update MCUdude_corefiles to the latest version	/home/travis/Arduino/hardware/MegaCore/avr/libraries/EEPROM/examples/eeprom_crc/eeprom_crc.ino	MegaCore:avr:can32:bootloader=uart0,BOD=3v8,LTO=Os,clock=8MHz_external	1.8.6	2496	310	0	false	0	1	doesn't define a 'build.board' preference	0	
2020-04-16 05:50:03	130	130.168	https://travis-ci.org/MCUdude/MegaCore/jobs/675461247	push		false	master	dded4adf7c545c857412ac5f8e32ef18f4892010	d68417a1a7c0...dded4adf7c54	Update MCUdude_corefiles to the latest version	/home/travis/Arduino/hardware/MegaCore/avr/libraries/EEPROM/examples/eeprom_read/eeprom_read.ino	MegaCore:avr:can32:bootloader=uart0,BOD=3v8,LTO=Os,clock=8MHz_external	1.8.6	2270	203	0	false	0	1	doesn't define a 'build.board' preference	0	
2020-04-16 05:50:06	130	130.168	https://travis-ci.org/MCUdude/MegaCore/jobs/675461247	push		false	master	dded4adf7c545c857412ac5f8e32ef18f4892010	d68417a1a7c0...dded4adf7c54	Update MCUdude_corefiles to the latest version	/home/travis/Arduino/hardware/MegaCore/avr/libraries/EEPROM/examples/eeprom_clear/eeprom_clear.ino	MegaCore:avr:can32:bootloader=uart0,BOD=3v8,LTO=Os,clock=8MHz_external	1.8.6	978	9	0	false	0	1	doesn't define a 'build.board' preference	0	
2020-04-16 05:50:09	130	130.168	https://travis-ci.org/MCUdude/MegaCore/jobs/675461247	push		false	master	dded4adf7c545c857412ac5f8e32ef18f4892010	d68417a1a7c0...dded4adf7c54	Update MCUdude_corefiles to the latest version	/home/travis/Arduino/hardware/MegaCore/avr/libraries/EEPROM/examples/eeprom_write/eeprom_write.ino	MegaCore:avr:can32:bootloader=uart0,BOD=3v8,LTO=Os,clock=8MHz_external	1.8.6	906	13	0	false	0	1	doesn't define a 'build.board' preference	0	
2020-04-16 05:50:11	130	130.168	https://travis-ci.org/MCUdude/MegaCore/jobs/675461247	push		false	master	dded4adf7c545c857412ac5f8e32ef18f4892010	d68417a1a7c0...dded4adf7c54	Update MCUdude_corefiles to the latest version	/home/travis/Arduino/hardware/MegaCore/avr/libraries/EEPROM/examples/eeprom_iteration/eeprom_iteration.ino	MegaCore:avr:can32:bootloader=uart0,BOD=3v8,LTO=Os,clock=8MHz_external	1.8.6	724	9	0	false	0	1	doesn't define a 'build.board' preference	0	
2020-04-16 05:50:14	130	130.168	https://travis-ci.org/MCUdude/MegaCore/jobs/675461247	push		false	master	dded4adf7c545c857412ac5f8e32ef18f4892010	d68417a1a7c0...dded4adf7c54	Update MCUdude_corefiles to the latest version	/home/travis/Arduino/hardware/MegaCore/avr/libraries/EEPROM/examples/eeprom_update/eeprom_update.ino	MegaCore:avr:can32:bootloader=uart0,BOD=3v8,LTO=Os,clock=8MHz_external	1.8.6	956	13	0	false	0	1	doesn't define a 'build.board' preference	0	
2020-04-16 05:50:16	130	130.168	https://travis-ci.org/MCUdude/MegaCore/jobs/675461247	push		false	master	dded4adf7c545c857412ac5f8e32ef18f4892010	d68417a1a7c0...dded4adf7c54	Update MCUdude_corefiles to the latest version	/home/travis/Arduino/hardware/MegaCore/avr/libraries/EEPROM/examples/eeprom_put/eeprom_put.ino	MegaCore:avr:can32:bootloader=uart0,BOD=3v8,LTO=Os,clock=8MHz_external	1.8.6	2192	340	0	false	0	1	doesn't define a 'build.board' preference	0	
2020-04-16 05:50:19	130	130.168	https://travis-ci.org/MCUdude/MegaCore/jobs/675461247	push		false	master	dded4adf7c545c857412ac5f8e32ef18f4892010	d68417a1a7c0...dded4adf7c54	Update MCUdude_corefiles to the latest version	/home/travis/Arduino/hardware/MegaCore/avr/libraries/Optiboot_flasher/examples/SerialReadWrite/SerialReadWrite.ino	MegaCore:avr:can32:bootloader=uart0,BOD=3v8,LTO=Os,clock=8MHz_external	1.8.6	7624	459	0	false	0	1	doesn't define a 'build.board' preference	0	
2020-04-16 05:50:22	130	130.168	https://travis-ci.org/MCUdude/MegaCore/jobs/675461247	push		false	master	dded4adf7c545c857412ac5f8e32ef18f4892010	d68417a1a7c0...dded4adf7c54	Update MCUdude_corefiles to the latest version	/home/travis/Arduino/hardware/MegaCore/avr/libraries/Timer/examples/Events/Events.ino	MegaCore:avr:can32:bootloader=uart0,BOD=3v8,LTO=Os,clock=8MHz_external	1.8.6	3946	550	0	false	0	1	doesn't define a 'build.board' preference	0	
2020-04-16 05:50:24	130	130.168	https://travis-ci.org/MCUdude/MegaCore/jobs/675461247	push		false	master	dded4adf7c545c857412ac5f8e32ef18f4892010	d68417a1a7c0...dded4adf7c54	Update MCUdude_corefiles to the latest version	/home/travis/Arduino/hardware/MegaCore/avr/libraries/Timer/examples/Pin_high_10_minutes/Pin_high_10_minutes.ino	MegaCore:avr:can32:bootloader=uart0,BOD=3v8,LTO=Os,clock=8MHz_external	1.8.6	1652	205	1	false	0	1	doesn't define a 'build.board' preference	0	
2020-04-16 05:50:27	130	130.168	https://travis-ci.org/MCUdude/MegaCore/jobs/675461247	push		false	master	dded4adf7c545c857412ac5f8e32ef18f4892010	d68417a1a7c0...dded4adf7c54	Update MCUdude_corefiles to the latest version	/home/travis/Arduino/hardware/MegaCore/avr/libraries/Timer/examples/Multitasking/Multitasking.ino	MegaCore:avr:can32:bootloader=uart0,BOD=3v8,LTO=Os,clock=8MHz_external	1.8.6	3484	454	1	false	0	1	doesn't define a 'build.board' preference	0	
2020-04-16 05:50:30	130	130.168	https://travis-ci.org/MCUdude/MegaCore/jobs/675461247	push		false	master	dded4adf7c545c857412ac5f8e32ef18f4892010	d68417a1a7c0...dded4adf7c54	Update MCUdude_corefiles to the latest version	/home/travis/Arduino/hardware/MegaCore/avr/libraries/Timer/examples/TimerTest/TimerTest.ino	MegaCore:avr:can32:bootloader=uart0,BOD=3v8,LTO=Os,clock=8MHz_external	1.8.6	1616	203	0	false	0	1	doesn't define a 'build.board' preference	0	
2020-04-16 05:50:33	130	130.168	https://travis-ci.org/MCUdude/MegaCore/jobs/675461247	push		false	master	dded4adf7c545c857412ac5f8e32ef18f4892010	d68417a1a7c0...dded4adf7c54	Update MCUdude_corefiles to the latest version	/home/travis/Arduino/hardware/MegaCore/avr/libraries/SPI/examples/BarometricPressureSensor/BarometricPressureSensor.ino	MegaCore:avr:can32:bootloader=uart0,BOD=3v8,LTO=Os,clock=8MHz_external	1.8.6	6846	235	1	false	0	1	doesn't define a 'build.board' preference	0	
2020-04-16 05:50:35	130	130.168	https://travis-ci.org/MCUdude/MegaCore/jobs/675461247	push		false	master	dded4adf7c545c857412ac5f8e32ef18f4892010	d68417a1a7c0...dded4adf7c54	Update MCUdude_corefiles to the latest version	/home/travis/Arduino/hardware/MegaCore/avr/libraries/SPI/examples/DigitalPotControl/DigitalPotControl.ino	MegaCore:avr:can32:bootloader=uart0,BOD=3v8,LTO=Os,clock=8MHz_external	1.8.6	1524	10	0	false	0	1	doesn't define a 'build.board' preference	0	
2020-04-16 05:50:38	130	130.168	https://travis-ci.org/MCUdude/MegaCore/jobs/675461247	push		false	master	dded4adf7c545c857412ac5f8e32ef18f4892010	d68417a1a7c0...dded4adf7c54	Update MCUdude_corefiles to the latest version	/home/travis/Arduino/hardware/MegaCore/avr/libraries/Wire/examples/i2c_scanner/i2c_scanner.ino	MegaCore:avr:can32:bootloader=uart0,BOD=3v8,LTO=Os,clock=8MHz_external	1.8.6	4418	528	2	false	0	1	doesn't define a 'build.board' preference	0	
2020-04-16 05:50:41	130	130.168	https://travis-ci.org/MCUdude/MegaCore/jobs/675461247	push		false	master	dded4adf7c545c857412ac5f8e32ef18f4892010	d68417a1a7c0...dded4adf7c54	Update MCUdude_corefiles to the latest version	/home/travis/Arduino/hardware/MegaCore/avr/libraries/Wire/examples/SFRRanger_reader/SFRRanger_reader.ino	MegaCore:avr:can32:bootloader=uart0,BOD=3v8,LTO=Os,clock=8MHz_external	1.8.6	4712	412	2	false	0	1	doesn't define a 'build.board' preference	0	
2020-04-16 05:50:44	130	130.168	https://travis-ci.org/MCUdude/MegaCore/jobs/675461247	push		false	master	dded4adf7c545c857412ac5f8e32ef18f4892010	d68417a1a7c0...dded4adf7c54	Update MCUdude_corefiles to the latest version	/home/travis/Arduino/hardware/MegaCore/avr/libraries/Wire/examples/master_writer/master_writer.ino	MegaCore:avr:can32:bootloader=uart0,BOD=3v8,LTO=Os,clock=8MHz_external	1.8.6	2744	228	2	false	0	1	doesn't define a 'build.board' preference	0	
2020-04-16 05:50:47	130	130.168	https://travis-ci.org/MCUdude/MegaCore/jobs/675461247	push		false	master	dded4adf7c545c857412ac5f8e32ef18f4892010	d68417a1a7c0...dded4adf7c54	Update MCUdude_corefiles to the latest version	/home/travis/Arduino/hardware/MegaCore/avr/libraries/Wire/examples/digital_potentiometer/digital_potentiometer.ino	MegaCore:avr:can32:bootloader=uart0,BOD=3v8,LTO=Os,clock=8MHz_external	1.8.6	2742	222	2	false	0	1	doesn't define a 'build.board' preference	0	
2020-04-16 05:50:49	130	130.168	https://travis-ci.org/MCUdude/MegaCore/jobs/675461247	push		false	master	dded4adf7c545c857412ac5f8e32ef18f4892010	d68417a1a7c0...dded4adf7c54	Update MCUdude_corefiles to the latest version	/home/travis/Arduino/hardware/MegaCore/avr/libraries/Wire/examples/slave_receiver/slave_receiver.ino	MegaCore:avr:can32:bootloader=uart0,BOD=3v8,LTO=Os,clock=8MHz_external	1.8.6	4064	409	3	false	0	1	doesn't define a 'build.board' preference	0	
2020-04-16 05:50:52	130	130.168	https://travis-ci.org/MCUdude/MegaCore/jobs/675461247	push		false	master	dded4adf7c545c857412ac5f8e32ef18f4892010	d68417a1a7c0...dded4adf7c54	Update MCUdude_corefiles to the latest version	/home/travis/Arduino/hardware/MegaCore/avr/libraries/Wire/examples/master_reader/master_reader.ino	MegaCore:avr:can32:bootloader=uart0,BOD=3v8,LTO=Os,clock=8MHz_external	1.8.6	4178	394	2	false	0	1	doesn't define a 'build.board' preference	0	
2020-04-16 05:50:55	130	130.168	https://travis-ci.org/MCUdude/MegaCore/jobs/675461247	push		false	master	dded4adf7c545c857412ac5f8e32ef18f4892010	d68417a1a7c0...dded4adf7c54	Update MCUdude_corefiles to the latest version	/home/travis/Arduino/hardware/MegaCore/avr/libraries/Wire/examples/slave_sender/slave_sender.ino	MegaCore:avr:can32:bootloader=uart0,BOD=3v8,LTO=Os,clock=8MHz_external	1.8.6	2518	228	2	false	0	1	doesn't define a 'build.board' preference	0	
2020-04-16 05:51:01	130	130.168	https://travis-ci.org/MCUdude/MegaCore/jobs/675461247	push		false	master	dded4adf7c545c857412ac5f8e32ef18f4892010	d68417a1a7c0...dded4adf7c54	Update MCUdude_corefiles to the latest version	/home/travis/Arduino/hardware/MegaCore/avr/libraries/Ethernet/examples/UDPSendReceiveString/UDPSendReceiveString.ino	MegaCore:avr:can32:bootloader=uart0,BOD=3v8,LTO=Os,clock=8MHz_external	1.8.12	11590	581	1	false	0	1	doesn't define a 'build.board' preference	0	
2020-04-16 05:51:05	130	130.168	https://travis-ci.org/MCUdude/MegaCore/jobs/675461247	push		false	master	dded4adf7c545c857412ac5f8e32ef18f4892010	d68417a1a7c0...dded4adf7c54	Update MCUdude_corefiles to the latest version	/home/travis/Arduino/hardware/MegaCore/avr/libraries/Ethernet/examples/TwitterClient/TwitterClient.ino	MegaCore:avr:can32:bootloader=uart0,BOD=3v8,LTO=Os,clock=8MHz_external	1.8.12	18688	854	1	false	0	1	doesn't define a 'build.board' preference	0	
2020-04-16 05:51:09	130	130.168	https://travis-ci.org/MCUdude/MegaCore/jobs/675461247	push		false	master	dded4adf7c545c857412ac5f8e32ef18f4892010	d68417a1a7c0...dded4adf7c54	Update MCUdude_corefiles to the latest version	/home/travis/Arduino/hardware/MegaCore/avr/libraries/Ethernet/examples/WebClientRepeating/WebClientRepeating.ino	MegaCore:avr:can32:bootloader=uart0,BOD=3v8,LTO=Os,clock=8MHz_external	1.8.12	16986	899	1	false	0	1	doesn't define a 'build.board' preference	0	
2020-04-16 05:51:13	130	130.168	https://travis-ci.org/MCUdude/MegaCore/jobs/675461247	push		false	master	dded4adf7c545c857412ac5f8e32ef18f4892010	d68417a1a7c0...dded4adf7c54	Update MCUdude_corefiles to the latest version	/home/travis/Arduino/hardware/MegaCore/avr/libraries/Ethernet/examples/UdpNtpClient/UdpNtpClient.ino	MegaCore:avr:can32:bootloader=uart0,BOD=3v8,LTO=Os,clock=8MHz_external	1.8.12	15026	765	1	false	0	1	doesn't define a 'build.board' preference	0	
2020-04-16 05:51:17	130	130.168	https://travis-ci.org/MCUdude/MegaCore/jobs/675461247	push		false	master	dded4adf7c545c857412ac5f8e32ef18f4892010	d68417a1a7c0...dded4adf7c54	Update MCUdude_corefiles to the latest version	/home/travis/Arduino/hardware/MegaCore/avr/libraries/Ethernet/examples/WebClient/WebClient.ino	MegaCore:avr:can32:bootloader=uart0,BOD=3v8,LTO=Os,clock=8MHz_external	1.8.12	19084	961	1	false	0	1	doesn't define a 'build.board' preference	0	
2020-04-16 05:51:21	130	130.168	https://travis-ci.org/MCUdude/MegaCore/jobs/675461247	push		false	master	dded4adf7c545c857412ac5f8e32ef18f4892010	d68417a1a7c0...dded4adf7c54	Update MCUdude_corefiles to the latest version	/home/travis/Arduino/hardware/MegaCore/avr/libraries/Ethernet/examples/ChatServer/ChatServer.ino	MegaCore:avr:can32:bootloader=uart0,BOD=3v8,LTO=Os,clock=8MHz_external	1.8.12	13460	607	1	false	0	1	doesn't define a 'build.board' preference	0	
2020-04-16 05:51:25	130	130.168	https://travis-ci.org/MCUdude/MegaCore/jobs/675461247	push		false	master	dded4adf7c545c857412ac5f8e32ef18f4892010	d68417a1a7c0...dded4adf7c54	Update MCUdude_corefiles to the latest version	/home/travis/Arduino/hardware/MegaCore/avr/libraries/Ethernet/examples/DhcpAddressPrinter/DhcpAddressPrinter.ino	MegaCore:avr:can32:bootloader=uart0,BOD=3v8,LTO=Os,clock=8MHz_external	1.8.12	14742	732	1	false	0	1	doesn't define a 'build.board' preference	0	
2020-04-16 05:51:30	130	130.168	https://travis-ci.org/MCUdude/MegaCore/jobs/675461247	push		false	master	dded4adf7c545c857412ac5f8e32ef18f4892010	d68417a1a7c0...dded4adf7c54	Update MCUdude_corefiles to the latest version	/home/travis/Arduino/hardware/MegaCore/avr/libraries/Ethernet/examples/XivelyClient/XivelyClient.ino	MegaCore:avr:can32:bootloader=uart0,BOD=3v8,LTO=Os,clock=8MHz_external	1.8.12	17314	814	1	false	0	1	doesn't define a 'build.board' preference	0	
2020-04-16 05:51:34	130	130.168	https://travis-ci.org/MCUdude/MegaCore/jobs/675461247	push		false	master	dded4adf7c545c857412ac5f8e32ef18f4892010	d68417a1a7c0...dded4adf7c54	Update MCUdude_corefiles to the latest version	/home/travis/Arduino/hardware/MegaCore/avr/libraries/Ethernet/examples/XivelyClientString/XivelyClientString.ino	MegaCore:avr:can32:bootloader=uart0,BOD=3v8,LTO=Os,clock=8MHz_external	1.8.12	19128	834	1	false	0	1	doesn't define a 'build.board' preference	0	
2020-04-16 05:51:38	130	130.168	https://travis-ci.org/MCUdude/MegaCore/jobs/675461247	push		false	master	dded4adf7c545c857412ac5f8e32ef18f4892010	d68417a1a7c0...dded4adf7c54	Update MCUdude_corefiles to the latest version	/home/travis/Arduino/hardware/MegaCore/avr/libraries/Ethernet/examples/LinkStatus/LinkStatus.ino	MegaCore:avr:can32:bootloader=uart0,BOD=3v8,LTO=Os,clock=8MHz_external	1.8.12	4920	292	1	false	0	1	doesn't define a 'build.board' preference	0	
2020-04-16 05:51:42	130	130.168	https://travis-ci.org/MCUdude/MegaCore/jobs/675461247	push		false	master	dded4adf7c545c857412ac5f8e32ef18f4892010	d68417a1a7c0...dded4adf7c54	Update MCUdude_corefiles to the latest version	/home/travis/Arduino/hardware/MegaCore/avr/libraries/Ethernet/examples/BarometricPressureWebServer/BarometricPressureWebServer.ino	MegaCore:avr:can32:bootloader=uart0,BOD=3v8,LTO=Os,clock=8MHz_external	1.8.12	18018	680	3	false	0	1	doesn't define a 'build.board' preference	0	
2020-04-16 05:51:46	130	130.168	https://travis-ci.org/MCUdude/MegaCore/jobs/675461247	push		false	master	dded4adf7c545c857412ac5f8e32ef18f4892010	d68417a1a7c0...dded4adf7c54	Update MCUdude_corefiles to the latest version	/home/travis/Arduino/hardware/MegaCore/avr/libraries/Ethernet/examples/DhcpChatServer/DhcpChatServer.ino	MegaCore:avr:can32:bootloader=uart0,BOD=3v8,LTO=Os,clock=8MHz_external	1.8.12	17648	795	1	false	0	1	doesn't define a 'build.board' preference	0	
2020-04-16 05:51:50	130	130.168	https://travis-ci.org/MCUdude/MegaCore/jobs/675461247	push		false	master	dded4adf7c545c857412ac5f8e32ef18f4892010	d68417a1a7c0...dded4adf7c54	Update MCUdude_corefiles to the latest version	/home/travis/Arduino/hardware/MegaCore/avr/libraries/Ethernet/examples/WebServer/WebServer.ino	MegaCore:avr:can32:bootloader=uart0,BOD=3v8,LTO=Os,clock=8MHz_external	1.8.12	14406	730	1	false	0	1	doesn't define a 'build.board' preference	0	
2020-04-16 05:51:54	130	130.168	https://travis-ci.org/MCUdude/MegaCore/jobs/675461247	push		false	master	dded4adf7c545c857412ac5f8e32ef18f4892010	d68417a1a7c0...dded4adf7c54	Update MCUdude_corefiles to the latest version	/home/travis/Arduino/hardware/MegaCore/avr/libraries/Ethernet/examples/TelnetClient/TelnetClient.ino	MegaCore:avr:can32:bootloader=uart0,BOD=3v8,LTO=Os,clock=8MHz_external	1.8.12	13116	591	1	false	0	1	doesn't define a 'build.board' preference	0	
2020-04-16 05:51:58	130	130.168	https://travis-ci.org/MCUdude/MegaCore/jobs/675461247	push		false	master	dded4adf7c545c857412ac5f8e32ef18f4892010	d68417a1a7c0...dded4adf7c54	Update MCUdude_corefiles to the latest version	/home/travis/Arduino/hardware/MegaCore/avr/libraries/Ethernet/examples/PachubeClient/PachubeClient.ino	MegaCore:avr:can32:bootloader=uart0,BOD=3v8,LTO=Os,clock=8MHz_external	1.8.12	17316	816	1	false	0	1	doesn't define a 'build.board' preference	0	
2020-04-16 05:52:02	130	130.168	https://travis-ci.org/MCUdude/MegaCore/jobs/675461247	push		false	master	dded4adf7c545c857412ac5f8e32ef18f4892010	d68417a1a7c0...dded4adf7c54	Update MCUdude_corefiles to the latest version	/home/travis/Arduino/hardware/MegaCore/avr/libraries/Ethernet/examples/PachubeClientString/PachubeClientString.ino	MegaCore:avr:can32:bootloader=uart0,BOD=3v8,LTO=Os,clock=8MHz_external	1.8.12	19130	836	1	false	0	1	doesn't define a 'build.board' preference	0	
2020-04-16 05:52:06	130	130.168	https://travis-ci.org/MCUdude/MegaCore/jobs/675461247	push		false	master	dded4adf7c545c857412ac5f8e32ef18f4892010	d68417a1a7c0...dded4adf7c54	Update MCUdude_corefiles to the latest version	/home/travis/Arduino/hardware/MegaCore/avr/libraries/Ethernet/examples/AdvancedChatServer/AdvancedChatServer.ino	MegaCore:avr:can32:bootloader=uart0,BOD=3v8,LTO=Os,clock=8MHz_external	1.8.12	14258	756	1	false	0	1	doesn't define a 'build.board' preference	0	
2020-04-16 05:52:08	130	130.168	https://travis-ci.org/MCUdude/MegaCore/jobs/675461247	push		false	master	dded4adf7c545c857412ac5f8e32ef18f4892010	d68417a1a7c0...dded4adf7c54	Update MCUdude_corefiles to the latest version	/home/travis/Arduino/hardware/MegaCore/avr/libraries/AVR_examples/examples/Blink_using_Timer0/Blink_using_Timer0.ino	MegaCore:avr:can32:bootloader=uart0,BOD=3v8,LTO=Os,clock=8MHz_external	1.8.12	286	3	0	false	0	1	doesn't define a 'build.board' preference	0	
2020-04-16 05:52:11	130	130.168	https://travis-ci.org/MCUdude/MegaCore/jobs/675461247	push		false	master	dded4adf7c545c857412ac5f8e32ef18f4892010	d68417a1a7c0...dded4adf7c54	Update MCUdude_corefiles to the latest version	/home/travis/Arduino/hardware/MegaCore/avr/libraries/AVR_examples/examples/Read_port_write_port/Read_port_write_port.ino	MegaCore:avr:can32:bootloader=uart0,BOD=3v8,LTO=Os,clock=8MHz_external	1.8.12	188	0	0	false	0	1	doesn't define a 'build.board' preference	0	
2020-04-16 05:52:14	130	130.168	https://travis-ci.org/MCUdude/MegaCore/jobs/675461247	push		false	master	dded4adf7c545c857412ac5f8e32ef18f4892010	d68417a1a7c0...dded4adf7c54	Update MCUdude_corefiles to the latest version	/home/travis/Arduino/hardware/MegaCore/avr/libraries/AVR_examples/examples/Measure_period_length/Measure_period_length.ino	MegaCore:avr:can32:bootloader=uart0,BOD=3v8,LTO=Os,clock=8MHz_external	1.8.12	1782	188	0	false	0	1	doesn't define a 'build.board' preference	0	
2020-04-16 05:52:18	130	130.168	https://travis-ci.org/MCUdude/MegaCore/jobs/675461247	push		false	master	dded4adf7c545c857412ac5f8e32ef18f4892010	d68417a1a7c0...dded4adf7c54	Update MCUdude_corefiles to the latest version	/home/travis/Arduino/hardware/MegaCore/avr/libraries/AVR_examples/examples/Watch_dog_timer/Watch_dog_timer.ino	MegaCore:avr:can32:bootloader=uart0,BOD=3v8,LTO=Os,clock=8MHz_external	1.8.12	278	2	0	false	0	1	doesn't define a 'build.board' preference	0	
2020-04-16 05:52:21	130	130.168	https://travis-ci.org/MCUdude/MegaCore/jobs/675461247	push		false	master	dded4adf7c545c857412ac5f8e32ef18f4892010	d68417a1a7c0...dded4adf7c54	Update MCUdude_corefiles to the latest version	/home/travis/Arduino/hardware/MegaCore/avr/libraries/AVR_examples/examples/Blink/Blink.ino	MegaCore:avr:can32:bootloader=uart0,BOD=3v8,LTO=Os,clock=8MHz_external	1.8.12	220	0	0	false	0	1	doesn't define a 'build.board' preference	0	
2020-04-16 05:52:24	130	130.168	https://travis-ci.org/MCUdude/MegaCore/jobs/675461247	push		false	master	dded4adf7c545c857412ac5f8e32ef18f4892010	d68417a1a7c0...dded4adf7c54	Update MCUdude_corefiles to the latest version	/home/travis/Arduino/hardware/MegaCore/avr/libraries/SD/examples/Datalogger/Datalogger.ino	MegaCore:avr:can32:bootloader=uart0,BOD=3v8,LTO=Os,clock=8MHz_external	1.8.12	13932	925	5	false	0	1	doesn't define a 'build.board' preference	0	
2020-04-16 05:52:28	130	130.168	https://travis-ci.org/MCUdude/MegaCore/jobs/675461247	push		false	master	dded4adf7c545c857412ac5f8e32ef18f4892010	d68417a1a7c0...dded4adf7c54	Update MCUdude_corefiles to the latest version	/home/travis/Arduino/hardware/MegaCore/avr/libraries/SD/examples/CardInfo/CardInfo.ino	MegaCore:avr:can32:bootloader=uart0,BOD=3v8,LTO=Os,clock=8MHz_external	1.8.12	11448	1346	5	false	0	1	doesn't define a 'build.board' preference	0	
2020-04-16 05:52:32	130	130.168	https://travis-ci.org/MCUdude/MegaCore/jobs/675461247	push		false	master	dded4adf7c545c857412ac5f8e32ef18f4892010	d68417a1a7c0...dded4adf7c54	Update MCUdude_corefiles to the latest version	/home/travis/Arduino/hardware/MegaCore/avr/libraries/SD/examples/ReadWrite/ReadWrite.ino	MegaCore:avr:can32:bootloader=uart0,BOD=3v8,LTO=Os,clock=8MHz_external	1.8.12	12832	994	5	false	0	1	doesn't define a 'build.board' preference	0	
2020-04-16 05:52:36	130	130.168	https://travis-ci.org/MCUdude/MegaCore/jobs/675461247	push		false	master	dded4adf7c545c857412ac5f8e32ef18f4892010	d68417a1a7c0...dded4adf7c54	Update MCUdude_corefiles to the latest version	/home/travis/Arduino/hardware/MegaCore/avr/libraries/SD/examples/listfiles/listfiles.ino	MegaCore:avr:can32:bootloader=uart0,BOD=3v8,LTO=Os,clock=8MHz_external	1.8.12	13650	930	5	false	0	1	doesn't define a 'build.board' preference	0	
2020-04-16 05:52:40	130	130.168	https://travis-ci.org/MCUdude/MegaCore/jobs/675461247	push		false	master	dded4adf7c545c857412ac5f8e32ef18f4892010	d68417a1a7c0...dded4adf7c54	Update MCUdude_corefiles to the latest version	/home/travis/Arduino/hardware/MegaCore/avr/libraries/SD/examples/DumpFile/DumpFile.ino	MegaCore:avr:can32:bootloader=uart0,BOD=3v8,LTO=Os,clock=8MHz_external	1.8.12	12560	923	5	false	0	1	doesn't define a 'build.board' preference	0	
2020-04-16 05:52:43	130	130.168	https://travis-ci.org/MCUdude/MegaCore/jobs/675461247	push		false	master	dded4adf7c545c857412ac5f8e32ef18f4892010	d68417a1a7c0...dded4adf7c54	Update MCUdude_corefiles to the latest version	/home/travis/Arduino/hardware/MegaCore/avr/libraries/SD/examples/Files/Files.ino	MegaCore:avr:can32:bootloader=uart0,BOD=3v8,LTO=Os,clock=8MHz_external	1.8.12	13506	1028	5	false	0	1	doesn't define a 'build.board' preference	0	
2020-04-16 05:52:47	130	130.168	https://travis-ci.org/MCUdude/MegaCore/jobs/675461247	push		false	master	dded4adf7c545c857412ac5f8e32ef18f4892010	d68417a1a7c0...dded4adf7c54	Update MCUdude_corefiles to the latest version	/home/travis/Arduino/hardware/MegaCore/avr/libraries/SoftwareSerial/examples/SoftwareSerialExample/SoftwareSerialExample.ino	MegaCore:avr:can32:bootloader=uart0,BOD=3v8,LTO=Os,clock=8MHz_external	1.8.12	4620	347	0	false	0	1	doesn't define a 'build.board' preference	0	
2020-04-16 05:52:50	130	130.168	https://travis-ci.org/MCUdude/MegaCore/jobs/675461247	push		false	master	dded4adf7c545c857412ac5f8e32ef18f4892010	d68417a1a7c0...dded4adf7c54	Update MCUdude_corefiles to the latest version	/home/travis/Arduino/hardware/MegaCore/avr/libraries/SoftwareSerial/examples/TwoPortReceive/TwoPortReceive.ino	MegaCore:avr:can32:bootloader=uart0,BOD=3v8,LTO=Os,clock=8MHz_external	1.8.12	4706	388	0	false	0	1	doesn't define a 'build.board' preference	0	
2020-04-16 05:52:53	130	130.168	https://travis-ci.org/MCUdude/MegaCore/jobs/675461247	push		false	master	dded4adf7c545c857412ac5f8e32ef18f4892010	d68417a1a7c0...dded4adf7c54	Update MCUdude_corefiles to the latest version	/home/travis/Arduino/hardware/MegaCore/avr/libraries/Servo/examples/Knob/Knob.ino	MegaCore:avr:can32:bootloader=uart0,BOD=3v8,LTO=Os,clock=8MHz_external	1.8.12	2842	56	0	false	0	1	doesn't define a 'build.board' preference	0	
2020-04-16 05:52:56	130	130.168	https://travis-ci.org/MCUdude/MegaCore/jobs/675461247	push		false	master	dded4adf7c545c857412ac5f8e32ef18f4892010	d68417a1a7c0...dded4adf7c54	Update MCUdude_corefiles to the latest version	/home/travis/Arduino/hardware/MegaCore/avr/libraries/Servo/examples/Sweep/Sweep.ino	MegaCore:avr:can32:bootloader=uart0,BOD=3v8,LTO=Os,clock=8MHz_external	1.8.12	2770	52	0	false	0	1	doesn't define a 'build.board' preference	0	
2020-04-16 05:52:59	130	130.168	https://travis-ci.org/MCUdude/MegaCore/jobs/675461247	push		false	master	dded4adf7c545c857412ac5f8e32ef18f4892010	d68417a1a7c0...dded4adf7c54	Update MCUdude_corefiles to the latest version	/home/travis/Arduino/hardware/MegaCore/avr/libraries/EEPROM/examples/eeprom_get/eeprom_get.ino	MegaCore:avr:can32:bootloader=uart0,BOD=3v8,LTO=Os,clock=8MHz_external	1.8.12	3978	256	0	false	0	1	doesn't define a 'build.board' preference	0	
2020-04-16 05:53:02	130	130.168	https://travis-ci.org/MCUdude/MegaCore/jobs/675461247	push		false	master	dded4adf7c545c857412ac5f8e32ef18f4892010	d68417a1a7c0...dded4adf7c54	Update MCUdude_corefiles to the latest version	/home/travis/Arduino/hardware/MegaCore/avr/libraries/EEPROM/examples/eeprom_crc/eeprom_crc.ino	MegaCore:avr:can32:bootloader=uart0,BOD=3v8,LTO=Os,clock=8MHz_external	1.8.12	2478	298	0	false	0	1	doesn't define a 'build.board' preference	0	
2020-04-16 05:53:05	130	130.168	https://travis-ci.org/MCUdude/MegaCore/jobs/675461247	push		false	master	dded4adf7c545c857412ac5f8e32ef18f4892010	d68417a1a7c0...dded4adf7c54	Update MCUdude_corefiles to the latest version	/home/travis/Arduino/hardware/MegaCore/avr/libraries/EEPROM/examples/eeprom_read/eeprom_read.ino	MegaCore:avr:can32:bootloader=uart0,BOD=3v8,LTO=Os,clock=8MHz_external	1.8.12	2244	191	0	false	0	1	doesn't define a 'build.board' preference	0	
2020-04-16 05:53:08	130	130.168	https://travis-ci.org/MCUdude/MegaCore/jobs/675461247	push		false	master	dded4adf7c545c857412ac5f8e32ef18f4892010	d68417a1a7c0...dded4adf7c54	Update MCUdude_corefiles to the latest version	/home/travis/Arduino/hardware/MegaCore/avr/libraries/EEPROM/examples/eeprom_clear/eeprom_clear.ino	MegaCore:avr:can32:bootloader=uart0,BOD=3v8,LTO=Os,clock=8MHz_external	1.8.12	974	9	0	false	0	1	doesn't define a 'build.board' preference	0	
2020-04-16 05:53:11	130	130.168	https://travis-ci.org/MCUdude/MegaCore/jobs/675461247	push		false	master	dded4adf7c545c857412ac5f8e32ef18f4892010	d68417a1a7c0...dded4adf7c54	Update MCUdude_corefiles to the latest version	/home/travis/Arduino/hardware/MegaCore/avr/libraries/EEPROM/examples/eeprom_write/eeprom_write.ino	MegaCore:avr:can32:bootloader=uart0,BOD=3v8,LTO=Os,clock=8MHz_external	1.8.12	894	13	0	false	0	1	doesn't define a 'build.board' preference	0	
2020-04-16 05:53:14	130	130.168	https://travis-ci.org/MCUdude/MegaCore/jobs/675461247	push		false	master	dded4adf7c545c857412ac5f8e32ef18f4892010	d68417a1a7c0...dded4adf7c54	Update MCUdude_corefiles to the latest version	/home/travis/Arduino/hardware/MegaCore/avr/libraries/EEPROM/examples/eeprom_iteration/eeprom_iteration.ino	MegaCore:avr:can32:bootloader=uart0,BOD=3v8,LTO=Os,clock=8MHz_external	1.8.12	724	9	0	false	0	1	doesn't define a 'build.board' preference	0	
2020-04-16 05:53:17	130	130.168	https://travis-ci.org/MCUdude/MegaCore/jobs/675461247	push		false	master	dded4adf7c545c857412ac5f8e32ef18f4892010	d68417a1a7c0...dded4adf7c54	Update MCUdude_corefiles to the latest version	/home/travis/Arduino/hardware/MegaCore/avr/libraries/EEPROM/examples/eeprom_update/eeprom_update.ino	MegaCore:avr:can32:bootloader=uart0,BOD=3v8,LTO=Os,clock=8MHz_external	1.8.12	944	13	0	false	0	1	doesn't define a 'build.board' preference	0	
2020-04-16 05:53:20	130	130.168	https://travis-ci.org/MCUdude/MegaCore/jobs/675461247	push		false	master	dded4adf7c545c857412ac5f8e32ef18f4892010	d68417a1a7c0...dded4adf7c54	Update MCUdude_corefiles to the latest version	/home/travis/Arduino/hardware/MegaCore/avr/libraries/EEPROM/examples/eeprom_put/eeprom_put.ino	MegaCore:avr:can32:bootloader=uart0,BOD=3v8,LTO=Os,clock=8MHz_external	1.8.12	2176	328	0	false	0	1	doesn't define a 'build.board' preference	0	
2020-04-16 05:53:23	130	130.168	https://travis-ci.org/MCUdude/MegaCore/jobs/675461247	push		false	master	dded4adf7c545c857412ac5f8e32ef18f4892010	d68417a1a7c0...dded4adf7c54	Update MCUdude_corefiles to the latest version	/home/travis/Arduino/hardware/MegaCore/avr/libraries/Optiboot_flasher/examples/SerialReadWrite/SerialReadWrite.ino	MegaCore:avr:can32:bootloader=uart0,BOD=3v8,LTO=Os,clock=8MHz_external	1.8.12	7542	447	0	false	0	1	doesn't define a 'build.board' preference	0	
2020-04-16 05:53:26	130	130.168	https://travis-ci.org/MCUdude/MegaCore/jobs/675461247	push		false	master	dded4adf7c545c857412ac5f8e32ef18f4892010	d68417a1a7c0...dded4adf7c54	Update MCUdude_corefiles to the latest version	/home/travis/Arduino/hardware/MegaCore/avr/libraries/Timer/examples/Events/Events.ino	MegaCore:avr:can32:bootloader=uart0,BOD=3v8,LTO=Os,clock=8MHz_external	1.8.12	3926	538	0	false	0	1	doesn't define a 'build.board' preference	0	
2020-04-16 05:53:29	130	130.168	https://travis-ci.org/MCUdude/MegaCore/jobs/675461247	push		false	master	dded4adf7c545c857412ac5f8e32ef18f4892010	d68417a1a7c0...dded4adf7c54	Update MCUdude_corefiles to the latest version	/home/travis/Arduino/hardware/MegaCore/avr/libraries/Timer/examples/Pin_high_10_minutes/Pin_high_10_minutes.ino	MegaCore:avr:can32:bootloader=uart0,BOD=3v8,LTO=Os,clock=8MHz_external	1.8.12	1644	205	1	false	0	1	doesn't define a 'build.board' preference	0	
2020-04-16 05:53:32	130	130.168	https://travis-ci.org/MCUdude/MegaCore/jobs/675461247	push		false	master	dded4adf7c545c857412ac5f8e32ef18f4892010	d68417a1a7c0...dded4adf7c54	Update MCUdude_corefiles to the latest version	/home/travis/Arduino/hardware/MegaCore/avr/libraries/Timer/examples/Multitasking/Multitasking.ino	MegaCore:avr:can32:bootloader=uart0,BOD=3v8,LTO=Os,clock=8MHz_external	1.8.12	3450	442	1	false	0	1	doesn't define a 'build.board' preference	0	
2020-04-16 05:53:35	130	130.168	https://travis-ci.org/MCUdude/MegaCore/jobs/675461247	push		false	master	dded4adf7c545c857412ac5f8e32ef18f4892010	d68417a1a7c0...dded4adf7c54	Update MCUdude_corefiles to the latest version	/home/travis/Arduino/hardware/MegaCore/avr/libraries/Timer/examples/TimerTest/TimerTest.ino	MegaCore:avr:can32:bootloader=uart0,BOD=3v8,LTO=Os,clock=8MHz_external	1.8.12	1608	203	0	false	0	1	doesn't define a 'build.board' preference	0	
2020-04-16 05:53:38	130	130.168	https://travis-ci.org/MCUdude/MegaCore/jobs/675461247	push		false	master	dded4adf7c545c857412ac5f8e32ef18f4892010	d68417a1a7c0...dded4adf7c54	Update MCUdude_corefiles to the latest version	/home/travis/Arduino/hardware/MegaCore/avr/libraries/SPI/examples/BarometricPressureSensor/BarometricPressureSensor.ino	MegaCore:avr:can32:bootloader=uart0,BOD=3v8,LTO=Os,clock=8MHz_external	1.8.12	6808	235	1	false	0	1	doesn't define a 'build.board' preference	0	
2020-04-16 05:53:42	130	130.168	https://travis-ci.org/MCUdude/MegaCore/jobs/675461247	push		false	master	dded4adf7c545c857412ac5f8e32ef18f4892010	d68417a1a7c0...dded4adf7c54	Update MCUdude_corefiles to the latest version	/home/travis/Arduino/hardware/MegaCore/avr/libraries/SPI/examples/DigitalPotControl/DigitalPotControl.ino	MegaCore:avr:can32:bootloader=uart0,BOD=3v8,LTO=Os,clock=8MHz_external	1.8.12	1514	10	0	false	0	1	doesn't define a 'build.board' preference	0	
2020-04-16 05:53:45	130	130.168	https://travis-ci.org/MCUdude/MegaCore/jobs/675461247	push		false	master	dded4adf7c545c857412ac5f8e32ef18f4892010	d68417a1a7c0...dded4adf7c54	Update MCUdude_corefiles to the latest version	/home/travis/Arduino/hardware/MegaCore/avr/libraries/Wire/examples/i2c_scanner/i2c_scanner.ino	MegaCore:avr:can32:bootloader=uart0,BOD=3v8,LTO=Os,clock=8MHz_external	1.8.12	4358	516	0	false	0	1	doesn't define a 'build.board' preference	0	
2020-04-16 05:53:48	130	130.168	https://travis-ci.org/MCUdude/MegaCore/jobs/675461247	push		false	master	dded4adf7c545c857412ac5f8e32ef18f4892010	d68417a1a7c0...dded4adf7c54	Update MCUdude_corefiles to the latest version	/home/travis/Arduino/hardware/MegaCore/avr/libraries/Wire/examples/SFRRanger_reader/SFRRanger_reader.ino	MegaCore:avr:can32:bootloader=uart0,BOD=3v8,LTO=Os,clock=8MHz_external	1.8.12	4632	400	0	false	0	1	doesn't define a 'build.board' preference	0	
2020-04-16 05:53:51	130	130.168	https://travis-ci.org/MCUdude/MegaCore/jobs/675461247	push		false	master	dded4adf7c545c857412ac5f8e32ef18f4892010	d68417a1a7c0...dded4adf7c54	Update MCUdude_corefiles to the latest version	/home/travis/Arduino/hardware/MegaCore/avr/libraries/Wire/examples/master_writer/master_writer.ino	MegaCore:avr:can32:bootloader=uart0,BOD=3v8,LTO=Os,clock=8MHz_external	1.8.12	2698	228	0	false	0	1	doesn't define a 'build.board' preference	0	
2020-04-16 05:53:54	130	130.168	https://travis-ci.org/MCUdude/MegaCore/jobs/675461247	push		false	master	dded4adf7c545c857412ac5f8e32ef18f4892010	d68417a1a7c0...dded4adf7c54	Update MCUdude_corefiles to the latest version	/home/travis/Arduino/hardware/MegaCore/avr/libraries/Wire/examples/digital_potentiometer/digital_potentiometer.ino	MegaCore:avr:can32:bootloader=uart0,BOD=3v8,LTO=Os,clock=8MHz_external	1.8.12	2696	222	0	false	0	1	doesn't define a 'build.board' preference	0	
2020-04-16 05:53:57	130	130.168	https://travis-ci.org/MCUdude/MegaCore/jobs/675461247	push		false	master	dded4adf7c545c857412ac5f8e32ef18f4892010	d68417a1a7c0...dded4adf7c54	Update MCUdude_corefiles to the latest version	/home/travis/Arduino/hardware/MegaCore/avr/libraries/Wire/examples/slave_receiver/slave_receiver.ino	MegaCore:avr:can32:bootloader=uart0,BOD=3v8,LTO=Os,clock=8MHz_external	1.8.12	3984	397	1	false	0	1	doesn't define a 'build.board' preference	0	
2020-04-16 05:54:01	130	130.168	https://travis-ci.org/MCUdude/MegaCore/jobs/675461247	push		false	master	dded4adf7c545c857412ac5f8e32ef18f4892010	d68417a1a7c0...dded4adf7c54	Update MCUdude_corefiles to the latest version	/home/travis/Arduino/hardware/MegaCore/avr/libraries/Wire/examples/master_reader/master_reader.ino	MegaCore:avr:can32:bootloader=uart0,BOD=3v8,LTO=Os,clock=8MHz_external	1.8.12	4116	394	0	false	0	1	doesn't define a 'build.board' preference	0	
2020-04-16 05:54:04	130	130.168	https://travis-ci.org/MCUdude/MegaCore/jobs/675461247	push		false	master	dded4adf7c545c857412ac5f8e32ef18f4892010	d68417a1a7c0...dded4adf7c54	Update MCUdude_corefiles to the latest version	/home/travis/Arduino/hardware/MegaCore/avr/libraries/Wire/examples/slave_sender/slave_sender.ino	MegaCore:avr:can32:bootloader=uart0,BOD=3v8,LTO=Os,clock=8MHz_external	1.8.12	2470	228	0	false	0	1	doesn't define a 'build.board' preference	0	
