Build Timestamp (UTC)	Build	Job	Job URL	Build Trigger	Allow Job Failure	PR#	Branch	Commit	Commit Range	Commit Message	Sketch Filename	Board ID	IDE Version	Program Storage (bytes)	Dynamic Memory (bytes)	# Warnings	Allow Failure	Exit Status	# Board Issues	Board Issue	# Library Issues	Library Issue
2021-04-04 23:32:23	176	176.155	https://travis-ci.org/MCUdude/MegaCore/jobs/765851260	push		false	master	5b3bec60f84e956968f3caa311f6282f1d0ffe5d	def9e2bd8b0f...5b3bec60f84e	Use EIND for devices with 256kiB	/home/travis/Arduino/hardware/MegaCore/avr/libraries/AVR_examples/examples/Blink_using_Timer0/Blink_using_Timer0.ino	MegaCore:avr:can32:bootloader=no_bootloader,BOD=3v9,eeprom=keep,LTO=Os,clock=12MHz_external	1.6.7	286	3	0	false	0	0		0	
2021-04-04 23:32:28	176	176.155	https://travis-ci.org/MCUdude/MegaCore/jobs/765851260	push		false	master	5b3bec60f84e956968f3caa311f6282f1d0ffe5d	def9e2bd8b0f...5b3bec60f84e	Use EIND for devices with 256kiB	/home/travis/Arduino/hardware/MegaCore/avr/libraries/AVR_examples/examples/Read_port_write_port/Read_port_write_port.ino	MegaCore:avr:can32:bootloader=no_bootloader,BOD=3v9,eeprom=keep,LTO=Os,clock=12MHz_external	1.6.7	188	0	0	false	0	0		0	
2021-04-04 23:32:32	176	176.155	https://travis-ci.org/MCUdude/MegaCore/jobs/765851260	push		false	master	5b3bec60f84e956968f3caa311f6282f1d0ffe5d	def9e2bd8b0f...5b3bec60f84e	Use EIND for devices with 256kiB	/home/travis/Arduino/hardware/MegaCore/avr/libraries/AVR_examples/examples/Measure_period_length/Measure_period_length.ino	MegaCore:avr:can32:bootloader=no_bootloader,BOD=3v9,eeprom=keep,LTO=Os,clock=12MHz_external	1.6.7	1924	202	0	false	0	0		0	
2021-04-04 23:32:37	176	176.155	https://travis-ci.org/MCUdude/MegaCore/jobs/765851260	push		false	master	5b3bec60f84e956968f3caa311f6282f1d0ffe5d	def9e2bd8b0f...5b3bec60f84e	Use EIND for devices with 256kiB	/home/travis/Arduino/hardware/MegaCore/avr/libraries/AVR_examples/examples/Watch_dog_timer/Watch_dog_timer.ino	MegaCore:avr:can32:bootloader=no_bootloader,BOD=3v9,eeprom=keep,LTO=Os,clock=12MHz_external	1.6.7	280	2	0	false	0	0		0	
2021-04-04 23:32:41	176	176.155	https://travis-ci.org/MCUdude/MegaCore/jobs/765851260	push		false	master	5b3bec60f84e956968f3caa311f6282f1d0ffe5d	def9e2bd8b0f...5b3bec60f84e	Use EIND for devices with 256kiB	/home/travis/Arduino/hardware/MegaCore/avr/libraries/AVR_examples/examples/Blink/Blink.ino	MegaCore:avr:can32:bootloader=no_bootloader,BOD=3v9,eeprom=keep,LTO=Os,clock=12MHz_external	1.6.7	220	0	0	false	0	0		0	
2021-04-04 23:32:47	176	176.155	https://travis-ci.org/MCUdude/MegaCore/jobs/765851260	push		false	master	5b3bec60f84e956968f3caa311f6282f1d0ffe5d	def9e2bd8b0f...5b3bec60f84e	Use EIND for devices with 256kiB	/home/travis/Arduino/hardware/MegaCore/avr/libraries/SD/examples/Datalogger/Datalogger.ino	MegaCore:avr:can32:bootloader=no_bootloader,BOD=3v9,eeprom=keep,LTO=Os,clock=12MHz_external	1.6.7	14192	942	5	false	0	0		0	
2021-04-04 23:32:52	176	176.155	https://travis-ci.org/MCUdude/MegaCore/jobs/765851260	push		false	master	5b3bec60f84e956968f3caa311f6282f1d0ffe5d	def9e2bd8b0f...5b3bec60f84e	Use EIND for devices with 256kiB	/home/travis/Arduino/hardware/MegaCore/avr/libraries/SD/examples/CardInfo/CardInfo.ino	MegaCore:avr:can32:bootloader=no_bootloader,BOD=3v9,eeprom=keep,LTO=Os,clock=12MHz_external	1.6.7	11666	1367	5	false	0	0		0	
2021-04-04 23:32:57	176	176.155	https://travis-ci.org/MCUdude/MegaCore/jobs/765851260	push		false	master	5b3bec60f84e956968f3caa311f6282f1d0ffe5d	def9e2bd8b0f...5b3bec60f84e	Use EIND for devices with 256kiB	/home/travis/Arduino/hardware/MegaCore/avr/libraries/SD/examples/ReadWrite/ReadWrite.ino	MegaCore:avr:can32:bootloader=no_bootloader,BOD=3v9,eeprom=keep,LTO=Os,clock=12MHz_external	1.6.7	13096	1011	5	false	0	0		0	
2021-04-04 23:33:02	176	176.155	https://travis-ci.org/MCUdude/MegaCore/jobs/765851260	push		false	master	5b3bec60f84e956968f3caa311f6282f1d0ffe5d	def9e2bd8b0f...5b3bec60f84e	Use EIND for devices with 256kiB	/home/travis/Arduino/hardware/MegaCore/avr/libraries/SD/examples/listfiles/listfiles.ino	MegaCore:avr:can32:bootloader=no_bootloader,BOD=3v9,eeprom=keep,LTO=Os,clock=12MHz_external	1.6.7	13830	947	5	false	0	0		0	
2021-04-04 23:33:07	176	176.155	https://travis-ci.org/MCUdude/MegaCore/jobs/765851260	push		false	master	5b3bec60f84e956968f3caa311f6282f1d0ffe5d	def9e2bd8b0f...5b3bec60f84e	Use EIND for devices with 256kiB	/home/travis/Arduino/hardware/MegaCore/avr/libraries/SD/examples/DumpFile/DumpFile.ino	MegaCore:avr:can32:bootloader=no_bootloader,BOD=3v9,eeprom=keep,LTO=Os,clock=12MHz_external	1.6.7	12770	940	5	false	0	0		0	
2021-04-04 23:33:13	176	176.155	https://travis-ci.org/MCUdude/MegaCore/jobs/765851260	push		false	master	5b3bec60f84e956968f3caa311f6282f1d0ffe5d	def9e2bd8b0f...5b3bec60f84e	Use EIND for devices with 256kiB	/home/travis/Arduino/hardware/MegaCore/avr/libraries/SD/examples/Files/Files.ino	MegaCore:avr:can32:bootloader=no_bootloader,BOD=3v9,eeprom=keep,LTO=Os,clock=12MHz_external	1.6.7	13686	1045	5	false	0	0		0	
2021-04-04 23:33:17	176	176.155	https://travis-ci.org/MCUdude/MegaCore/jobs/765851260	push		false	master	5b3bec60f84e956968f3caa311f6282f1d0ffe5d	def9e2bd8b0f...5b3bec60f84e	Use EIND for devices with 256kiB	/home/travis/Arduino/hardware/MegaCore/avr/libraries/SoftwareSerial/examples/SoftwareSerialExample/SoftwareSerialExample.ino	MegaCore:avr:can32:bootloader=no_bootloader,BOD=3v9,eeprom=keep,LTO=Os,clock=12MHz_external	1.6.7	4720	360	0	false	0	0		0	
2021-04-04 23:33:22	176	176.155	https://travis-ci.org/MCUdude/MegaCore/jobs/765851260	push		false	master	5b3bec60f84e956968f3caa311f6282f1d0ffe5d	def9e2bd8b0f...5b3bec60f84e	Use EIND for devices with 256kiB	/home/travis/Arduino/hardware/MegaCore/avr/libraries/SoftwareSerial/examples/TwoPortReceive/TwoPortReceive.ino	MegaCore:avr:can32:bootloader=no_bootloader,BOD=3v9,eeprom=keep,LTO=Os,clock=12MHz_external	1.6.7	4820	401	0	false	0	0		0	
2021-04-04 23:33:26	176	176.155	https://travis-ci.org/MCUdude/MegaCore/jobs/765851260	push		false	master	5b3bec60f84e956968f3caa311f6282f1d0ffe5d	def9e2bd8b0f...5b3bec60f84e	Use EIND for devices with 256kiB	/home/travis/Arduino/hardware/MegaCore/avr/libraries/Servo/examples/Knob/Knob.ino	MegaCore:avr:can32:bootloader=no_bootloader,BOD=3v9,eeprom=keep,LTO=Os,clock=12MHz_external	1.6.7	2964	57	0	false	0	0		0	
2021-04-04 23:33:31	176	176.155	https://travis-ci.org/MCUdude/MegaCore/jobs/765851260	push		false	master	5b3bec60f84e956968f3caa311f6282f1d0ffe5d	def9e2bd8b0f...5b3bec60f84e	Use EIND for devices with 256kiB	/home/travis/Arduino/hardware/MegaCore/avr/libraries/Servo/examples/Sweep/Sweep.ino	MegaCore:avr:can32:bootloader=no_bootloader,BOD=3v9,eeprom=keep,LTO=Os,clock=12MHz_external	1.6.7	2884	53	0	false	0	0		0	
2021-04-04 23:33:35	176	176.155	https://travis-ci.org/MCUdude/MegaCore/jobs/765851260	push		false	master	5b3bec60f84e956968f3caa311f6282f1d0ffe5d	def9e2bd8b0f...5b3bec60f84e	Use EIND for devices with 256kiB	/home/travis/Arduino/hardware/MegaCore/avr/libraries/EEPROM/examples/eeprom_get/eeprom_get.ino	MegaCore:avr:can32:bootloader=no_bootloader,BOD=3v9,eeprom=keep,LTO=Os,clock=12MHz_external	1.6.7	3950	255	0	false	0	0		0	
2021-04-04 23:33:39	176	176.155	https://travis-ci.org/MCUdude/MegaCore/jobs/765851260	push		false	master	5b3bec60f84e956968f3caa311f6282f1d0ffe5d	def9e2bd8b0f...5b3bec60f84e	Use EIND for devices with 256kiB	/home/travis/Arduino/hardware/MegaCore/avr/libraries/EEPROM/examples/eeprom_crc/eeprom_crc.ino	MegaCore:avr:can32:bootloader=no_bootloader,BOD=3v9,eeprom=keep,LTO=Os,clock=12MHz_external	1.6.7	2554	309	0	false	0	0		0	
2021-04-04 23:33:43	176	176.155	https://travis-ci.org/MCUdude/MegaCore/jobs/765851260	push		false	master	5b3bec60f84e956968f3caa311f6282f1d0ffe5d	def9e2bd8b0f...5b3bec60f84e	Use EIND for devices with 256kiB	/home/travis/Arduino/hardware/MegaCore/avr/libraries/EEPROM/examples/eeprom_read/eeprom_read.ino	MegaCore:avr:can32:bootloader=no_bootloader,BOD=3v9,eeprom=keep,LTO=Os,clock=12MHz_external	1.6.7	2442	202	0	false	0	0		0	
2021-04-04 23:33:48	176	176.155	https://travis-ci.org/MCUdude/MegaCore/jobs/765851260	push		false	master	5b3bec60f84e956968f3caa311f6282f1d0ffe5d	def9e2bd8b0f...5b3bec60f84e	Use EIND for devices with 256kiB	/home/travis/Arduino/hardware/MegaCore/avr/libraries/EEPROM/examples/eeprom_clear/eeprom_clear.ino	MegaCore:avr:can32:bootloader=no_bootloader,BOD=3v9,eeprom=keep,LTO=Os,clock=12MHz_external	1.6.7	928	6	0	false	0	0		0	
2021-04-04 23:33:52	176	176.155	https://travis-ci.org/MCUdude/MegaCore/jobs/765851260	push		false	master	5b3bec60f84e956968f3caa311f6282f1d0ffe5d	def9e2bd8b0f...5b3bec60f84e	Use EIND for devices with 256kiB	/home/travis/Arduino/hardware/MegaCore/avr/libraries/EEPROM/examples/eeprom_write/eeprom_write.ino	MegaCore:avr:can32:bootloader=no_bootloader,BOD=3v9,eeprom=keep,LTO=Os,clock=12MHz_external	1.6.7	958	10	0	false	0	0		0	
2021-04-04 23:33:57	176	176.155	https://travis-ci.org/MCUdude/MegaCore/jobs/765851260	push		false	master	5b3bec60f84e956968f3caa311f6282f1d0ffe5d	def9e2bd8b0f...5b3bec60f84e	Use EIND for devices with 256kiB	/home/travis/Arduino/hardware/MegaCore/avr/libraries/EEPROM/examples/eeprom_iteration/eeprom_iteration.ino	MegaCore:avr:can32:bootloader=no_bootloader,BOD=3v9,eeprom=keep,LTO=Os,clock=12MHz_external	1.6.7	672	6	0	false	0	0		0	
2021-04-04 23:34:01	176	176.155	https://travis-ci.org/MCUdude/MegaCore/jobs/765851260	push		false	master	5b3bec60f84e956968f3caa311f6282f1d0ffe5d	def9e2bd8b0f...5b3bec60f84e	Use EIND for devices with 256kiB	/home/travis/Arduino/hardware/MegaCore/avr/libraries/EEPROM/examples/eeprom_update/eeprom_update.ino	MegaCore:avr:can32:bootloader=no_bootloader,BOD=3v9,eeprom=keep,LTO=Os,clock=12MHz_external	1.6.7	1008	10	0	false	0	0		0	
2021-04-04 23:34:05	176	176.155	https://travis-ci.org/MCUdude/MegaCore/jobs/765851260	push		false	master	5b3bec60f84e956968f3caa311f6282f1d0ffe5d	def9e2bd8b0f...5b3bec60f84e	Use EIND for devices with 256kiB	/home/travis/Arduino/hardware/MegaCore/avr/libraries/EEPROM/examples/eeprom_put/eeprom_put.ino	MegaCore:avr:can32:bootloader=no_bootloader,BOD=3v9,eeprom=keep,LTO=Os,clock=12MHz_external	1.6.7	2250	339	0	false	0	0		0	
2021-04-04 23:34:10	176	176.155	https://travis-ci.org/MCUdude/MegaCore/jobs/765851260	push		false	master	5b3bec60f84e956968f3caa311f6282f1d0ffe5d	def9e2bd8b0f...5b3bec60f84e	Use EIND for devices with 256kiB	/home/travis/Arduino/hardware/MegaCore/avr/libraries/Optiboot_flasher/examples/Flash_put_get/Flash_put_get.ino	MegaCore:avr:can32:bootloader=no_bootloader,BOD=3v9,eeprom=keep,LTO=Os,clock=12MHz_external	1.6.7	6440	479	0	false	0	0		0	
2021-04-04 23:34:14	176	176.155	https://travis-ci.org/MCUdude/MegaCore/jobs/765851260	push		false	master	5b3bec60f84e956968f3caa311f6282f1d0ffe5d	def9e2bd8b0f...5b3bec60f84e	Use EIND for devices with 256kiB	/home/travis/Arduino/hardware/MegaCore/avr/libraries/Optiboot_flasher/examples/Read_write_without_buffer/Read_write_without_buffer.ino	MegaCore:avr:can32:bootloader=no_bootloader,BOD=3v9,eeprom=keep,LTO=Os,clock=12MHz_external	1.6.7	5560	200	0	false	0	0		0	
2021-04-04 23:34:19	176	176.155	https://travis-ci.org/MCUdude/MegaCore/jobs/765851260	push		false	master	5b3bec60f84e956968f3caa311f6282f1d0ffe5d	def9e2bd8b0f...5b3bec60f84e	Use EIND for devices with 256kiB	/home/travis/Arduino/hardware/MegaCore/avr/libraries/Optiboot_flasher/examples/Flash_iterate/Flash_iterate.ino	MegaCore:avr:can32:bootloader=no_bootloader,BOD=3v9,eeprom=keep,LTO=Os,clock=12MHz_external	1.6.7	4646	465	0	false	0	0		0	
2021-04-04 23:34:23	176	176.155	https://travis-ci.org/MCUdude/MegaCore/jobs/765851260	push		false	master	5b3bec60f84e956968f3caa311f6282f1d0ffe5d	def9e2bd8b0f...5b3bec60f84e	Use EIND for devices with 256kiB	/home/travis/Arduino/hardware/MegaCore/avr/libraries/Optiboot_flasher/examples/Serial_read_write/Serial_read_write.ino	MegaCore:avr:can32:bootloader=no_bootloader,BOD=3v9,eeprom=keep,LTO=Os,clock=12MHz_external	1.6.7	7144	458	0	false	0	0		0	
2021-04-04 23:34:28	176	176.155	https://travis-ci.org/MCUdude/MegaCore/jobs/765851260	push		false	master	5b3bec60f84e956968f3caa311f6282f1d0ffe5d	def9e2bd8b0f...5b3bec60f84e	Use EIND for devices with 256kiB	/home/travis/Arduino/hardware/MegaCore/avr/libraries/Timer/examples/Events/Events.ino	MegaCore:avr:can32:bootloader=no_bootloader,BOD=3v9,eeprom=keep,LTO=Os,clock=12MHz_external	1.6.7	4072	549	0	false	0	0		0	
2021-04-04 23:34:32	176	176.155	https://travis-ci.org/MCUdude/MegaCore/jobs/765851260	push		false	master	5b3bec60f84e956968f3caa311f6282f1d0ffe5d	def9e2bd8b0f...5b3bec60f84e	Use EIND for devices with 256kiB	/home/travis/Arduino/hardware/MegaCore/avr/libraries/Timer/examples/Pin_high_10_minutes/Pin_high_10_minutes.ino	MegaCore:avr:can32:bootloader=no_bootloader,BOD=3v9,eeprom=keep,LTO=Os,clock=12MHz_external	1.6.7	1616	202	1	false	0	0		0	
2021-04-04 23:34:37	176	176.155	https://travis-ci.org/MCUdude/MegaCore/jobs/765851260	push		false	master	5b3bec60f84e956968f3caa311f6282f1d0ffe5d	def9e2bd8b0f...5b3bec60f84e	Use EIND for devices with 256kiB	/home/travis/Arduino/hardware/MegaCore/avr/libraries/Timer/examples/Multitasking/Multitasking.ino	MegaCore:avr:can32:bootloader=no_bootloader,BOD=3v9,eeprom=keep,LTO=Os,clock=12MHz_external	1.6.7	3562	453	1	false	0	0		0	
2021-04-04 23:34:41	176	176.155	https://travis-ci.org/MCUdude/MegaCore/jobs/765851260	push		false	master	5b3bec60f84e956968f3caa311f6282f1d0ffe5d	def9e2bd8b0f...5b3bec60f84e	Use EIND for devices with 256kiB	/home/travis/Arduino/hardware/MegaCore/avr/libraries/Timer/examples/TimerTest/TimerTest.ino	MegaCore:avr:can32:bootloader=no_bootloader,BOD=3v9,eeprom=keep,LTO=Os,clock=12MHz_external	1.6.7	1582	200	0	false	0	0		0	
2021-04-04 23:34:46	176	176.155	https://travis-ci.org/MCUdude/MegaCore/jobs/765851260	push		false	master	5b3bec60f84e956968f3caa311f6282f1d0ffe5d	def9e2bd8b0f...5b3bec60f84e	Use EIND for devices with 256kiB	/home/travis/Arduino/hardware/MegaCore/avr/libraries/SPI/examples/BarometricPressureSensor/BarometricPressureSensor.ino	MegaCore:avr:can32:bootloader=no_bootloader,BOD=3v9,eeprom=keep,LTO=Os,clock=12MHz_external	1.6.7	6982	234	1	false	0	0		0	
2021-04-04 23:34:50	176	176.155	https://travis-ci.org/MCUdude/MegaCore/jobs/765851260	push		false	master	5b3bec60f84e956968f3caa311f6282f1d0ffe5d	def9e2bd8b0f...5b3bec60f84e	Use EIND for devices with 256kiB	/home/travis/Arduino/hardware/MegaCore/avr/libraries/SPI/examples/DigitalPotControl/DigitalPotControl.ino	MegaCore:avr:can32:bootloader=no_bootloader,BOD=3v9,eeprom=keep,LTO=Os,clock=12MHz_external	1.6.7	1584	7	0	false	0	0		0	
2021-04-04 23:34:55	176	176.155	https://travis-ci.org/MCUdude/MegaCore/jobs/765851260	push		false	master	5b3bec60f84e956968f3caa311f6282f1d0ffe5d	def9e2bd8b0f...5b3bec60f84e	Use EIND for devices with 256kiB	/home/travis/Arduino/hardware/MegaCore/avr/libraries/Wire/examples/i2c_scanner/i2c_scanner.ino	MegaCore:avr:can32:bootloader=no_bootloader,BOD=3v9,eeprom=keep,LTO=Os,clock=12MHz_external	1.6.7	4606	529	0	false	0	0		0	
2021-04-04 23:34:59	176	176.155	https://travis-ci.org/MCUdude/MegaCore/jobs/765851260	push		false	master	5b3bec60f84e956968f3caa311f6282f1d0ffe5d	def9e2bd8b0f...5b3bec60f84e	Use EIND for devices with 256kiB	/home/travis/Arduino/hardware/MegaCore/avr/libraries/Wire/examples/SFRRanger_reader/SFRRanger_reader.ino	MegaCore:avr:can32:bootloader=no_bootloader,BOD=3v9,eeprom=keep,LTO=Os,clock=12MHz_external	1.6.7	4884	413	0	false	0	0		0	
2021-04-04 23:35:04	176	176.155	https://travis-ci.org/MCUdude/MegaCore/jobs/765851260	push		false	master	5b3bec60f84e956968f3caa311f6282f1d0ffe5d	def9e2bd8b0f...5b3bec60f84e	Use EIND for devices with 256kiB	/home/travis/Arduino/hardware/MegaCore/avr/libraries/Wire/examples/master_writer/master_writer.ino	MegaCore:avr:can32:bootloader=no_bootloader,BOD=3v9,eeprom=keep,LTO=Os,clock=12MHz_external	1.6.7	2816	227	0	false	0	0		0	
2021-04-04 23:35:08	176	176.155	https://travis-ci.org/MCUdude/MegaCore/jobs/765851260	push		false	master	5b3bec60f84e956968f3caa311f6282f1d0ffe5d	def9e2bd8b0f...5b3bec60f84e	Use EIND for devices with 256kiB	/home/travis/Arduino/hardware/MegaCore/avr/libraries/Wire/examples/digital_potentiometer/digital_potentiometer.ino	MegaCore:avr:can32:bootloader=no_bootloader,BOD=3v9,eeprom=keep,LTO=Os,clock=12MHz_external	1.6.7	2802	221	0	false	0	0		0	
2021-04-04 23:35:13	176	176.155	https://travis-ci.org/MCUdude/MegaCore/jobs/765851260	push		false	master	5b3bec60f84e956968f3caa311f6282f1d0ffe5d	def9e2bd8b0f...5b3bec60f84e	Use EIND for devices with 256kiB	/home/travis/Arduino/hardware/MegaCore/avr/libraries/Wire/examples/slave_receiver/slave_receiver.ino	MegaCore:avr:can32:bootloader=no_bootloader,BOD=3v9,eeprom=keep,LTO=Os,clock=12MHz_external	1.6.7	4254	410	1	false	0	0		0	
2021-04-04 23:35:17	176	176.155	https://travis-ci.org/MCUdude/MegaCore/jobs/765851260	push		false	master	5b3bec60f84e956968f3caa311f6282f1d0ffe5d	def9e2bd8b0f...5b3bec60f84e	Use EIND for devices with 256kiB	/home/travis/Arduino/hardware/MegaCore/avr/libraries/Wire/examples/master_reader/master_reader.ino	MegaCore:avr:can32:bootloader=no_bootloader,BOD=3v9,eeprom=keep,LTO=Os,clock=12MHz_external	1.6.7	4334	395	0	false	0	0		0	
2021-04-04 23:35:22	176	176.155	https://travis-ci.org/MCUdude/MegaCore/jobs/765851260	push		false	master	5b3bec60f84e956968f3caa311f6282f1d0ffe5d	def9e2bd8b0f...5b3bec60f84e	Use EIND for devices with 256kiB	/home/travis/Arduino/hardware/MegaCore/avr/libraries/Wire/examples/slave_sender/slave_sender.ino	MegaCore:avr:can32:bootloader=no_bootloader,BOD=3v9,eeprom=keep,LTO=Os,clock=12MHz_external	1.6.7	2602	227	0	false	0	0		0	
2021-04-04 23:35:28	176	176.155	https://travis-ci.org/MCUdude/MegaCore/jobs/765851260	push		false	master	5b3bec60f84e956968f3caa311f6282f1d0ffe5d	def9e2bd8b0f...5b3bec60f84e	Use EIND for devices with 256kiB	/home/travis/Arduino/hardware/MegaCore/avr/libraries/AVR_examples/examples/Blink_using_Timer0/Blink_using_Timer0.ino	MegaCore:avr:can32:bootloader=no_bootloader,BOD=3v9,eeprom=keep,LTO=Os,clock=12MHz_external	1.6.9	286	3	0	false	0	0		0	
2021-04-04 23:35:33	176	176.155	https://travis-ci.org/MCUdude/MegaCore/jobs/765851260	push		false	master	5b3bec60f84e956968f3caa311f6282f1d0ffe5d	def9e2bd8b0f...5b3bec60f84e	Use EIND for devices with 256kiB	/home/travis/Arduino/hardware/MegaCore/avr/libraries/AVR_examples/examples/Read_port_write_port/Read_port_write_port.ino	MegaCore:avr:can32:bootloader=no_bootloader,BOD=3v9,eeprom=keep,LTO=Os,clock=12MHz_external	1.6.9	188	0	0	false	0	0		0	
2021-04-04 23:35:38	176	176.155	https://travis-ci.org/MCUdude/MegaCore/jobs/765851260	push		false	master	5b3bec60f84e956968f3caa311f6282f1d0ffe5d	def9e2bd8b0f...5b3bec60f84e	Use EIND for devices with 256kiB	/home/travis/Arduino/hardware/MegaCore/avr/libraries/AVR_examples/examples/Measure_period_length/Measure_period_length.ino	MegaCore:avr:can32:bootloader=no_bootloader,BOD=3v9,eeprom=keep,LTO=Os,clock=12MHz_external	1.6.9	1924	202	0	false	0	0		0	
2021-04-04 23:35:42	176	176.155	https://travis-ci.org/MCUdude/MegaCore/jobs/765851260	push		false	master	5b3bec60f84e956968f3caa311f6282f1d0ffe5d	def9e2bd8b0f...5b3bec60f84e	Use EIND for devices with 256kiB	/home/travis/Arduino/hardware/MegaCore/avr/libraries/AVR_examples/examples/Watch_dog_timer/Watch_dog_timer.ino	MegaCore:avr:can32:bootloader=no_bootloader,BOD=3v9,eeprom=keep,LTO=Os,clock=12MHz_external	1.6.9	280	2	0	false	0	0		0	
2021-04-04 23:35:47	176	176.155	https://travis-ci.org/MCUdude/MegaCore/jobs/765851260	push		false	master	5b3bec60f84e956968f3caa311f6282f1d0ffe5d	def9e2bd8b0f...5b3bec60f84e	Use EIND for devices with 256kiB	/home/travis/Arduino/hardware/MegaCore/avr/libraries/AVR_examples/examples/Blink/Blink.ino	MegaCore:avr:can32:bootloader=no_bootloader,BOD=3v9,eeprom=keep,LTO=Os,clock=12MHz_external	1.6.9	220	0	0	false	0	0		0	
2021-04-04 23:35:53	176	176.155	https://travis-ci.org/MCUdude/MegaCore/jobs/765851260	push		false	master	5b3bec60f84e956968f3caa311f6282f1d0ffe5d	def9e2bd8b0f...5b3bec60f84e	Use EIND for devices with 256kiB	/home/travis/Arduino/hardware/MegaCore/avr/libraries/SD/examples/Datalogger/Datalogger.ino	MegaCore:avr:can32:bootloader=no_bootloader,BOD=3v9,eeprom=keep,LTO=Os,clock=12MHz_external	1.6.9	14192	942	5	false	0	0		0	
2021-04-04 23:35:58	176	176.155	https://travis-ci.org/MCUdude/MegaCore/jobs/765851260	push		false	master	5b3bec60f84e956968f3caa311f6282f1d0ffe5d	def9e2bd8b0f...5b3bec60f84e	Use EIND for devices with 256kiB	/home/travis/Arduino/hardware/MegaCore/avr/libraries/SD/examples/CardInfo/CardInfo.ino	MegaCore:avr:can32:bootloader=no_bootloader,BOD=3v9,eeprom=keep,LTO=Os,clock=12MHz_external	1.6.9	11666	1367	5	false	0	0		0	
2021-04-04 23:36:03	176	176.155	https://travis-ci.org/MCUdude/MegaCore/jobs/765851260	push		false	master	5b3bec60f84e956968f3caa311f6282f1d0ffe5d	def9e2bd8b0f...5b3bec60f84e	Use EIND for devices with 256kiB	/home/travis/Arduino/hardware/MegaCore/avr/libraries/SD/examples/ReadWrite/ReadWrite.ino	MegaCore:avr:can32:bootloader=no_bootloader,BOD=3v9,eeprom=keep,LTO=Os,clock=12MHz_external	1.6.9	13096	1011	5	false	0	0		0	
2021-04-04 23:36:09	176	176.155	https://travis-ci.org/MCUdude/MegaCore/jobs/765851260	push		false	master	5b3bec60f84e956968f3caa311f6282f1d0ffe5d	def9e2bd8b0f...5b3bec60f84e	Use EIND for devices with 256kiB	/home/travis/Arduino/hardware/MegaCore/avr/libraries/SD/examples/listfiles/listfiles.ino	MegaCore:avr:can32:bootloader=no_bootloader,BOD=3v9,eeprom=keep,LTO=Os,clock=12MHz_external	1.6.9	13830	947	5	false	0	0		0	
2021-04-04 23:36:14	176	176.155	https://travis-ci.org/MCUdude/MegaCore/jobs/765851260	push		false	master	5b3bec60f84e956968f3caa311f6282f1d0ffe5d	def9e2bd8b0f...5b3bec60f84e	Use EIND for devices with 256kiB	/home/travis/Arduino/hardware/MegaCore/avr/libraries/SD/examples/DumpFile/DumpFile.ino	MegaCore:avr:can32:bootloader=no_bootloader,BOD=3v9,eeprom=keep,LTO=Os,clock=12MHz_external	1.6.9	12770	940	5	false	0	0		0	
2021-04-04 23:36:20	176	176.155	https://travis-ci.org/MCUdude/MegaCore/jobs/765851260	push		false	master	5b3bec60f84e956968f3caa311f6282f1d0ffe5d	def9e2bd8b0f...5b3bec60f84e	Use EIND for devices with 256kiB	/home/travis/Arduino/hardware/MegaCore/avr/libraries/SD/examples/Files/Files.ino	MegaCore:avr:can32:bootloader=no_bootloader,BOD=3v9,eeprom=keep,LTO=Os,clock=12MHz_external	1.6.9	13686	1045	5	false	0	0		0	
2021-04-04 23:36:24	176	176.155	https://travis-ci.org/MCUdude/MegaCore/jobs/765851260	push		false	master	5b3bec60f84e956968f3caa311f6282f1d0ffe5d	def9e2bd8b0f...5b3bec60f84e	Use EIND for devices with 256kiB	/home/travis/Arduino/hardware/MegaCore/avr/libraries/SoftwareSerial/examples/SoftwareSerialExample/SoftwareSerialExample.ino	MegaCore:avr:can32:bootloader=no_bootloader,BOD=3v9,eeprom=keep,LTO=Os,clock=12MHz_external	1.6.9	4720	360	0	false	0	0		0	
2021-04-04 23:36:29	176	176.155	https://travis-ci.org/MCUdude/MegaCore/jobs/765851260	push		false	master	5b3bec60f84e956968f3caa311f6282f1d0ffe5d	def9e2bd8b0f...5b3bec60f84e	Use EIND for devices with 256kiB	/home/travis/Arduino/hardware/MegaCore/avr/libraries/SoftwareSerial/examples/TwoPortReceive/TwoPortReceive.ino	MegaCore:avr:can32:bootloader=no_bootloader,BOD=3v9,eeprom=keep,LTO=Os,clock=12MHz_external	1.6.9	4820	401	0	false	0	0		0	
2021-04-04 23:36:34	176	176.155	https://travis-ci.org/MCUdude/MegaCore/jobs/765851260	push		false	master	5b3bec60f84e956968f3caa311f6282f1d0ffe5d	def9e2bd8b0f...5b3bec60f84e	Use EIND for devices with 256kiB	/home/travis/Arduino/hardware/MegaCore/avr/libraries/Servo/examples/Knob/Knob.ino	MegaCore:avr:can32:bootloader=no_bootloader,BOD=3v9,eeprom=keep,LTO=Os,clock=12MHz_external	1.6.9	2964	57	0	false	0	0		0	
2021-04-04 23:36:39	176	176.155	https://travis-ci.org/MCUdude/MegaCore/jobs/765851260	push		false	master	5b3bec60f84e956968f3caa311f6282f1d0ffe5d	def9e2bd8b0f...5b3bec60f84e	Use EIND for devices with 256kiB	/home/travis/Arduino/hardware/MegaCore/avr/libraries/Servo/examples/Sweep/Sweep.ino	MegaCore:avr:can32:bootloader=no_bootloader,BOD=3v9,eeprom=keep,LTO=Os,clock=12MHz_external	1.6.9	2884	53	0	false	0	0		0	
2021-04-04 23:36:43	176	176.155	https://travis-ci.org/MCUdude/MegaCore/jobs/765851260	push		false	master	5b3bec60f84e956968f3caa311f6282f1d0ffe5d	def9e2bd8b0f...5b3bec60f84e	Use EIND for devices with 256kiB	/home/travis/Arduino/hardware/MegaCore/avr/libraries/EEPROM/examples/eeprom_get/eeprom_get.ino	MegaCore:avr:can32:bootloader=no_bootloader,BOD=3v9,eeprom=keep,LTO=Os,clock=12MHz_external	1.6.9	3950	255	0	false	0	0		0	
2021-04-04 23:36:48	176	176.155	https://travis-ci.org/MCUdude/MegaCore/jobs/765851260	push		false	master	5b3bec60f84e956968f3caa311f6282f1d0ffe5d	def9e2bd8b0f...5b3bec60f84e	Use EIND for devices with 256kiB	/home/travis/Arduino/hardware/MegaCore/avr/libraries/EEPROM/examples/eeprom_crc/eeprom_crc.ino	MegaCore:avr:can32:bootloader=no_bootloader,BOD=3v9,eeprom=keep,LTO=Os,clock=12MHz_external	1.6.9	2554	309	0	false	0	0		0	
2021-04-04 23:36:52	176	176.155	https://travis-ci.org/MCUdude/MegaCore/jobs/765851260	push		false	master	5b3bec60f84e956968f3caa311f6282f1d0ffe5d	def9e2bd8b0f...5b3bec60f84e	Use EIND for devices with 256kiB	/home/travis/Arduino/hardware/MegaCore/avr/libraries/EEPROM/examples/eeprom_read/eeprom_read.ino	MegaCore:avr:can32:bootloader=no_bootloader,BOD=3v9,eeprom=keep,LTO=Os,clock=12MHz_external	1.6.9	2442	202	0	false	0	0		0	
2021-04-04 23:36:57	176	176.155	https://travis-ci.org/MCUdude/MegaCore/jobs/765851260	push		false	master	5b3bec60f84e956968f3caa311f6282f1d0ffe5d	def9e2bd8b0f...5b3bec60f84e	Use EIND for devices with 256kiB	/home/travis/Arduino/hardware/MegaCore/avr/libraries/EEPROM/examples/eeprom_clear/eeprom_clear.ino	MegaCore:avr:can32:bootloader=no_bootloader,BOD=3v9,eeprom=keep,LTO=Os,clock=12MHz_external	1.6.9	928	6	0	false	0	0		0	
2021-04-04 23:37:02	176	176.155	https://travis-ci.org/MCUdude/MegaCore/jobs/765851260	push		false	master	5b3bec60f84e956968f3caa311f6282f1d0ffe5d	def9e2bd8b0f...5b3bec60f84e	Use EIND for devices with 256kiB	/home/travis/Arduino/hardware/MegaCore/avr/libraries/EEPROM/examples/eeprom_write/eeprom_write.ino	MegaCore:avr:can32:bootloader=no_bootloader,BOD=3v9,eeprom=keep,LTO=Os,clock=12MHz_external	1.6.9	958	10	0	false	0	0		0	
2021-04-04 23:37:07	176	176.155	https://travis-ci.org/MCUdude/MegaCore/jobs/765851260	push		false	master	5b3bec60f84e956968f3caa311f6282f1d0ffe5d	def9e2bd8b0f...5b3bec60f84e	Use EIND for devices with 256kiB	/home/travis/Arduino/hardware/MegaCore/avr/libraries/EEPROM/examples/eeprom_iteration/eeprom_iteration.ino	MegaCore:avr:can32:bootloader=no_bootloader,BOD=3v9,eeprom=keep,LTO=Os,clock=12MHz_external	1.6.9	672	6	0	false	0	0		0	
2021-04-04 23:37:11	176	176.155	https://travis-ci.org/MCUdude/MegaCore/jobs/765851260	push		false	master	5b3bec60f84e956968f3caa311f6282f1d0ffe5d	def9e2bd8b0f...5b3bec60f84e	Use EIND for devices with 256kiB	/home/travis/Arduino/hardware/MegaCore/avr/libraries/EEPROM/examples/eeprom_update/eeprom_update.ino	MegaCore:avr:can32:bootloader=no_bootloader,BOD=3v9,eeprom=keep,LTO=Os,clock=12MHz_external	1.6.9	1008	10	0	false	0	0		0	
2021-04-04 23:37:16	176	176.155	https://travis-ci.org/MCUdude/MegaCore/jobs/765851260	push		false	master	5b3bec60f84e956968f3caa311f6282f1d0ffe5d	def9e2bd8b0f...5b3bec60f84e	Use EIND for devices with 256kiB	/home/travis/Arduino/hardware/MegaCore/avr/libraries/EEPROM/examples/eeprom_put/eeprom_put.ino	MegaCore:avr:can32:bootloader=no_bootloader,BOD=3v9,eeprom=keep,LTO=Os,clock=12MHz_external	1.6.9	2250	339	0	false	0	0		0	
2021-04-04 23:37:21	176	176.155	https://travis-ci.org/MCUdude/MegaCore/jobs/765851260	push		false	master	5b3bec60f84e956968f3caa311f6282f1d0ffe5d	def9e2bd8b0f...5b3bec60f84e	Use EIND for devices with 256kiB	/home/travis/Arduino/hardware/MegaCore/avr/libraries/Optiboot_flasher/examples/Flash_put_get/Flash_put_get.ino	MegaCore:avr:can32:bootloader=no_bootloader,BOD=3v9,eeprom=keep,LTO=Os,clock=12MHz_external	1.6.9	6440	479	0	false	0	0		0	
2021-04-04 23:37:25	176	176.155	https://travis-ci.org/MCUdude/MegaCore/jobs/765851260	push		false	master	5b3bec60f84e956968f3caa311f6282f1d0ffe5d	def9e2bd8b0f...5b3bec60f84e	Use EIND for devices with 256kiB	/home/travis/Arduino/hardware/MegaCore/avr/libraries/Optiboot_flasher/examples/Read_write_without_buffer/Read_write_without_buffer.ino	MegaCore:avr:can32:bootloader=no_bootloader,BOD=3v9,eeprom=keep,LTO=Os,clock=12MHz_external	1.6.9	5560	200	0	false	0	0		0	
2021-04-04 23:37:30	176	176.155	https://travis-ci.org/MCUdude/MegaCore/jobs/765851260	push		false	master	5b3bec60f84e956968f3caa311f6282f1d0ffe5d	def9e2bd8b0f...5b3bec60f84e	Use EIND for devices with 256kiB	/home/travis/Arduino/hardware/MegaCore/avr/libraries/Optiboot_flasher/examples/Flash_iterate/Flash_iterate.ino	MegaCore:avr:can32:bootloader=no_bootloader,BOD=3v9,eeprom=keep,LTO=Os,clock=12MHz_external	1.6.9	4646	465	0	false	0	0		0	
2021-04-04 23:37:35	176	176.155	https://travis-ci.org/MCUdude/MegaCore/jobs/765851260	push		false	master	5b3bec60f84e956968f3caa311f6282f1d0ffe5d	def9e2bd8b0f...5b3bec60f84e	Use EIND for devices with 256kiB	/home/travis/Arduino/hardware/MegaCore/avr/libraries/Optiboot_flasher/examples/Serial_read_write/Serial_read_write.ino	MegaCore:avr:can32:bootloader=no_bootloader,BOD=3v9,eeprom=keep,LTO=Os,clock=12MHz_external	1.6.9	7144	458	0	false	0	0		0	
2021-04-04 23:37:40	176	176.155	https://travis-ci.org/MCUdude/MegaCore/jobs/765851260	push		false	master	5b3bec60f84e956968f3caa311f6282f1d0ffe5d	def9e2bd8b0f...5b3bec60f84e	Use EIND for devices with 256kiB	/home/travis/Arduino/hardware/MegaCore/avr/libraries/Timer/examples/Events/Events.ino	MegaCore:avr:can32:bootloader=no_bootloader,BOD=3v9,eeprom=keep,LTO=Os,clock=12MHz_external	1.6.9	4072	549	0	false	0	0		0	
2021-04-04 23:37:44	176	176.155	https://travis-ci.org/MCUdude/MegaCore/jobs/765851260	push		false	master	5b3bec60f84e956968f3caa311f6282f1d0ffe5d	def9e2bd8b0f...5b3bec60f84e	Use EIND for devices with 256kiB	/home/travis/Arduino/hardware/MegaCore/avr/libraries/Timer/examples/Pin_high_10_minutes/Pin_high_10_minutes.ino	MegaCore:avr:can32:bootloader=no_bootloader,BOD=3v9,eeprom=keep,LTO=Os,clock=12MHz_external	1.6.9	1616	202	1	false	0	0		0	
2021-04-04 23:37:49	176	176.155	https://travis-ci.org/MCUdude/MegaCore/jobs/765851260	push		false	master	5b3bec60f84e956968f3caa311f6282f1d0ffe5d	def9e2bd8b0f...5b3bec60f84e	Use EIND for devices with 256kiB	/home/travis/Arduino/hardware/MegaCore/avr/libraries/Timer/examples/Multitasking/Multitasking.ino	MegaCore:avr:can32:bootloader=no_bootloader,BOD=3v9,eeprom=keep,LTO=Os,clock=12MHz_external	1.6.9	3562	453	1	false	0	0		0	
2021-04-04 23:37:54	176	176.155	https://travis-ci.org/MCUdude/MegaCore/jobs/765851260	push		false	master	5b3bec60f84e956968f3caa311f6282f1d0ffe5d	def9e2bd8b0f...5b3bec60f84e	Use EIND for devices with 256kiB	/home/travis/Arduino/hardware/MegaCore/avr/libraries/Timer/examples/TimerTest/TimerTest.ino	MegaCore:avr:can32:bootloader=no_bootloader,BOD=3v9,eeprom=keep,LTO=Os,clock=12MHz_external	1.6.9	1582	200	0	false	0	0		0	
2021-04-04 23:37:59	176	176.155	https://travis-ci.org/MCUdude/MegaCore/jobs/765851260	push		false	master	5b3bec60f84e956968f3caa311f6282f1d0ffe5d	def9e2bd8b0f...5b3bec60f84e	Use EIND for devices with 256kiB	/home/travis/Arduino/hardware/MegaCore/avr/libraries/SPI/examples/BarometricPressureSensor/BarometricPressureSensor.ino	MegaCore:avr:can32:bootloader=no_bootloader,BOD=3v9,eeprom=keep,LTO=Os,clock=12MHz_external	1.6.9	6982	234	1	false	0	0		0	
2021-04-04 23:38:04	176	176.155	https://travis-ci.org/MCUdude/MegaCore/jobs/765851260	push		false	master	5b3bec60f84e956968f3caa311f6282f1d0ffe5d	def9e2bd8b0f...5b3bec60f84e	Use EIND for devices with 256kiB	/home/travis/Arduino/hardware/MegaCore/avr/libraries/SPI/examples/DigitalPotControl/DigitalPotControl.ino	MegaCore:avr:can32:bootloader=no_bootloader,BOD=3v9,eeprom=keep,LTO=Os,clock=12MHz_external	1.6.9	1584	7	0	false	0	0		0	
2021-04-04 23:38:08	176	176.155	https://travis-ci.org/MCUdude/MegaCore/jobs/765851260	push		false	master	5b3bec60f84e956968f3caa311f6282f1d0ffe5d	def9e2bd8b0f...5b3bec60f84e	Use EIND for devices with 256kiB	/home/travis/Arduino/hardware/MegaCore/avr/libraries/Wire/examples/i2c_scanner/i2c_scanner.ino	MegaCore:avr:can32:bootloader=no_bootloader,BOD=3v9,eeprom=keep,LTO=Os,clock=12MHz_external	1.6.9	4606	529	0	false	0	0		0	
2021-04-04 23:38:13	176	176.155	https://travis-ci.org/MCUdude/MegaCore/jobs/765851260	push		false	master	5b3bec60f84e956968f3caa311f6282f1d0ffe5d	def9e2bd8b0f...5b3bec60f84e	Use EIND for devices with 256kiB	/home/travis/Arduino/hardware/MegaCore/avr/libraries/Wire/examples/SFRRanger_reader/SFRRanger_reader.ino	MegaCore:avr:can32:bootloader=no_bootloader,BOD=3v9,eeprom=keep,LTO=Os,clock=12MHz_external	1.6.9	4884	413	0	false	0	0		0	
2021-04-04 23:38:18	176	176.155	https://travis-ci.org/MCUdude/MegaCore/jobs/765851260	push		false	master	5b3bec60f84e956968f3caa311f6282f1d0ffe5d	def9e2bd8b0f...5b3bec60f84e	Use EIND for devices with 256kiB	/home/travis/Arduino/hardware/MegaCore/avr/libraries/Wire/examples/master_writer/master_writer.ino	MegaCore:avr:can32:bootloader=no_bootloader,BOD=3v9,eeprom=keep,LTO=Os,clock=12MHz_external	1.6.9	2816	227	0	false	0	0		0	
2021-04-04 23:38:22	176	176.155	https://travis-ci.org/MCUdude/MegaCore/jobs/765851260	push		false	master	5b3bec60f84e956968f3caa311f6282f1d0ffe5d	def9e2bd8b0f...5b3bec60f84e	Use EIND for devices with 256kiB	/home/travis/Arduino/hardware/MegaCore/avr/libraries/Wire/examples/digital_potentiometer/digital_potentiometer.ino	MegaCore:avr:can32:bootloader=no_bootloader,BOD=3v9,eeprom=keep,LTO=Os,clock=12MHz_external	1.6.9	2802	221	0	false	0	0		0	
2021-04-04 23:38:27	176	176.155	https://travis-ci.org/MCUdude/MegaCore/jobs/765851260	push		false	master	5b3bec60f84e956968f3caa311f6282f1d0ffe5d	def9e2bd8b0f...5b3bec60f84e	Use EIND for devices with 256kiB	/home/travis/Arduino/hardware/MegaCore/avr/libraries/Wire/examples/slave_receiver/slave_receiver.ino	MegaCore:avr:can32:bootloader=no_bootloader,BOD=3v9,eeprom=keep,LTO=Os,clock=12MHz_external	1.6.9	4254	410	1	false	0	0		0	
2021-04-04 23:38:32	176	176.155	https://travis-ci.org/MCUdude/MegaCore/jobs/765851260	push		false	master	5b3bec60f84e956968f3caa311f6282f1d0ffe5d	def9e2bd8b0f...5b3bec60f84e	Use EIND for devices with 256kiB	/home/travis/Arduino/hardware/MegaCore/avr/libraries/Wire/examples/master_reader/master_reader.ino	MegaCore:avr:can32:bootloader=no_bootloader,BOD=3v9,eeprom=keep,LTO=Os,clock=12MHz_external	1.6.9	4334	395	0	false	0	0		0	
2021-04-04 23:38:37	176	176.155	https://travis-ci.org/MCUdude/MegaCore/jobs/765851260	push		false	master	5b3bec60f84e956968f3caa311f6282f1d0ffe5d	def9e2bd8b0f...5b3bec60f84e	Use EIND for devices with 256kiB	/home/travis/Arduino/hardware/MegaCore/avr/libraries/Wire/examples/slave_sender/slave_sender.ino	MegaCore:avr:can32:bootloader=no_bootloader,BOD=3v9,eeprom=keep,LTO=Os,clock=12MHz_external	1.6.9	2602	227	0	false	0	0		0	
2021-04-04 23:38:44	176	176.155	https://travis-ci.org/MCUdude/MegaCore/jobs/765851260	push		false	master	5b3bec60f84e956968f3caa311f6282f1d0ffe5d	def9e2bd8b0f...5b3bec60f84e	Use EIND for devices with 256kiB	/home/travis/Arduino/hardware/MegaCore/avr/libraries/AVR_examples/examples/Blink_using_Timer0/Blink_using_Timer0.ino	MegaCore:avr:can32:bootloader=no_bootloader,BOD=3v9,eeprom=keep,LTO=Os,clock=12MHz_external	1.6.13	286	3	0	false	0	0		0	
2021-04-04 23:38:48	176	176.155	https://travis-ci.org/MCUdude/MegaCore/jobs/765851260	push		false	master	5b3bec60f84e956968f3caa311f6282f1d0ffe5d	def9e2bd8b0f...5b3bec60f84e	Use EIND for devices with 256kiB	/home/travis/Arduino/hardware/MegaCore/avr/libraries/AVR_examples/examples/Read_port_write_port/Read_port_write_port.ino	MegaCore:avr:can32:bootloader=no_bootloader,BOD=3v9,eeprom=keep,LTO=Os,clock=12MHz_external	1.6.13	188	0	0	false	0	0		0	
2021-04-04 23:38:53	176	176.155	https://travis-ci.org/MCUdude/MegaCore/jobs/765851260	push		false	master	5b3bec60f84e956968f3caa311f6282f1d0ffe5d	def9e2bd8b0f...5b3bec60f84e	Use EIND for devices with 256kiB	/home/travis/Arduino/hardware/MegaCore/avr/libraries/AVR_examples/examples/Measure_period_length/Measure_period_length.ino	MegaCore:avr:can32:bootloader=no_bootloader,BOD=3v9,eeprom=keep,LTO=Os,clock=12MHz_external	1.6.13	1818	202	0	false	0	0		0	
2021-04-04 23:38:58	176	176.155	https://travis-ci.org/MCUdude/MegaCore/jobs/765851260	push		false	master	5b3bec60f84e956968f3caa311f6282f1d0ffe5d	def9e2bd8b0f...5b3bec60f84e	Use EIND for devices with 256kiB	/home/travis/Arduino/hardware/MegaCore/avr/libraries/AVR_examples/examples/Watch_dog_timer/Watch_dog_timer.ino	MegaCore:avr:can32:bootloader=no_bootloader,BOD=3v9,eeprom=keep,LTO=Os,clock=12MHz_external	1.6.13	278	2	0	false	0	0		0	
2021-04-04 23:39:02	176	176.155	https://travis-ci.org/MCUdude/MegaCore/jobs/765851260	push		false	master	5b3bec60f84e956968f3caa311f6282f1d0ffe5d	def9e2bd8b0f...5b3bec60f84e	Use EIND for devices with 256kiB	/home/travis/Arduino/hardware/MegaCore/avr/libraries/AVR_examples/examples/Blink/Blink.ino	MegaCore:avr:can32:bootloader=no_bootloader,BOD=3v9,eeprom=keep,LTO=Os,clock=12MHz_external	1.6.13	220	0	0	false	0	0		0	
2021-04-04 23:39:08	176	176.155	https://travis-ci.org/MCUdude/MegaCore/jobs/765851260	push		false	master	5b3bec60f84e956968f3caa311f6282f1d0ffe5d	def9e2bd8b0f...5b3bec60f84e	Use EIND for devices with 256kiB	/home/travis/Arduino/hardware/MegaCore/avr/libraries/SD/examples/Datalogger/Datalogger.ino	MegaCore:avr:can32:bootloader=no_bootloader,BOD=3v9,eeprom=keep,LTO=Os,clock=12MHz_external	1.6.13	14078	942	5	false	0	0		0	
2021-04-04 23:39:13	176	176.155	https://travis-ci.org/MCUdude/MegaCore/jobs/765851260	push		false	master	5b3bec60f84e956968f3caa311f6282f1d0ffe5d	def9e2bd8b0f...5b3bec60f84e	Use EIND for devices with 256kiB	/home/travis/Arduino/hardware/MegaCore/avr/libraries/SD/examples/CardInfo/CardInfo.ino	MegaCore:avr:can32:bootloader=no_bootloader,BOD=3v9,eeprom=keep,LTO=Os,clock=12MHz_external	1.6.13	11536	1367	5	false	0	0		0	
2021-04-04 23:39:19	176	176.155	https://travis-ci.org/MCUdude/MegaCore/jobs/765851260	push		false	master	5b3bec60f84e956968f3caa311f6282f1d0ffe5d	def9e2bd8b0f...5b3bec60f84e	Use EIND for devices with 256kiB	/home/travis/Arduino/hardware/MegaCore/avr/libraries/SD/examples/ReadWrite/ReadWrite.ino	MegaCore:avr:can32:bootloader=no_bootloader,BOD=3v9,eeprom=keep,LTO=Os,clock=12MHz_external	1.6.13	12972	1011	5	false	0	0		0	
2021-04-04 23:39:24	176	176.155	https://travis-ci.org/MCUdude/MegaCore/jobs/765851260	push		false	master	5b3bec60f84e956968f3caa311f6282f1d0ffe5d	def9e2bd8b0f...5b3bec60f84e	Use EIND for devices with 256kiB	/home/travis/Arduino/hardware/MegaCore/avr/libraries/SD/examples/listfiles/listfiles.ino	MegaCore:avr:can32:bootloader=no_bootloader,BOD=3v9,eeprom=keep,LTO=Os,clock=12MHz_external	1.6.13	13702	947	5	false	0	0		0	
2021-04-04 23:39:30	176	176.155	https://travis-ci.org/MCUdude/MegaCore/jobs/765851260	push		false	master	5b3bec60f84e956968f3caa311f6282f1d0ffe5d	def9e2bd8b0f...5b3bec60f84e	Use EIND for devices with 256kiB	/home/travis/Arduino/hardware/MegaCore/avr/libraries/SD/examples/DumpFile/DumpFile.ino	MegaCore:avr:can32:bootloader=no_bootloader,BOD=3v9,eeprom=keep,LTO=Os,clock=12MHz_external	1.6.13	12646	940	5	false	0	0		0	
2021-04-04 23:39:35	176	176.155	https://travis-ci.org/MCUdude/MegaCore/jobs/765851260	push		false	master	5b3bec60f84e956968f3caa311f6282f1d0ffe5d	def9e2bd8b0f...5b3bec60f84e	Use EIND for devices with 256kiB	/home/travis/Arduino/hardware/MegaCore/avr/libraries/SD/examples/Files/Files.ino	MegaCore:avr:can32:bootloader=no_bootloader,BOD=3v9,eeprom=keep,LTO=Os,clock=12MHz_external	1.6.13	13586	1045	5	false	0	0		0	
2021-04-04 23:39:40	176	176.155	https://travis-ci.org/MCUdude/MegaCore/jobs/765851260	push		false	master	5b3bec60f84e956968f3caa311f6282f1d0ffe5d	def9e2bd8b0f...5b3bec60f84e	Use EIND for devices with 256kiB	/home/travis/Arduino/hardware/MegaCore/avr/libraries/SoftwareSerial/examples/SoftwareSerialExample/SoftwareSerialExample.ino	MegaCore:avr:can32:bootloader=no_bootloader,BOD=3v9,eeprom=keep,LTO=Os,clock=12MHz_external	1.6.13	4614	360	0	false	0	0		0	
2021-04-04 23:39:45	176	176.155	https://travis-ci.org/MCUdude/MegaCore/jobs/765851260	push		false	master	5b3bec60f84e956968f3caa311f6282f1d0ffe5d	def9e2bd8b0f...5b3bec60f84e	Use EIND for devices with 256kiB	/home/travis/Arduino/hardware/MegaCore/avr/libraries/SoftwareSerial/examples/TwoPortReceive/TwoPortReceive.ino	MegaCore:avr:can32:bootloader=no_bootloader,BOD=3v9,eeprom=keep,LTO=Os,clock=12MHz_external	1.6.13	4700	401	0	false	0	0		0	
2021-04-04 23:39:50	176	176.155	https://travis-ci.org/MCUdude/MegaCore/jobs/765851260	push		false	master	5b3bec60f84e956968f3caa311f6282f1d0ffe5d	def9e2bd8b0f...5b3bec60f84e	Use EIND for devices with 256kiB	/home/travis/Arduino/hardware/MegaCore/avr/libraries/Servo/examples/Knob/Knob.ino	MegaCore:avr:can32:bootloader=no_bootloader,BOD=3v9,eeprom=keep,LTO=Os,clock=12MHz_external	1.6.13	2956	57	0	false	0	0		0	
2021-04-04 23:39:54	176	176.155	https://travis-ci.org/MCUdude/MegaCore/jobs/765851260	push		false	master	5b3bec60f84e956968f3caa311f6282f1d0ffe5d	def9e2bd8b0f...5b3bec60f84e	Use EIND for devices with 256kiB	/home/travis/Arduino/hardware/MegaCore/avr/libraries/Servo/examples/Sweep/Sweep.ino	MegaCore:avr:can32:bootloader=no_bootloader,BOD=3v9,eeprom=keep,LTO=Os,clock=12MHz_external	1.6.13	2878	53	0	false	0	0		0	
2021-04-04 23:39:59	176	176.155	https://travis-ci.org/MCUdude/MegaCore/jobs/765851260	push		false	master	5b3bec60f84e956968f3caa311f6282f1d0ffe5d	def9e2bd8b0f...5b3bec60f84e	Use EIND for devices with 256kiB	/home/travis/Arduino/hardware/MegaCore/avr/libraries/EEPROM/examples/eeprom_get/eeprom_get.ino	MegaCore:avr:can32:bootloader=no_bootloader,BOD=3v9,eeprom=keep,LTO=Os,clock=12MHz_external	1.6.13	3926	255	0	false	0	0		0	
2021-04-04 23:40:04	176	176.155	https://travis-ci.org/MCUdude/MegaCore/jobs/765851260	push		false	master	5b3bec60f84e956968f3caa311f6282f1d0ffe5d	def9e2bd8b0f...5b3bec60f84e	Use EIND for devices with 256kiB	/home/travis/Arduino/hardware/MegaCore/avr/libraries/EEPROM/examples/eeprom_crc/eeprom_crc.ino	MegaCore:avr:can32:bootloader=no_bootloader,BOD=3v9,eeprom=keep,LTO=Os,clock=12MHz_external	1.6.13	2448	309	0	false	0	0		0	
2021-04-04 23:40:08	176	176.155	https://travis-ci.org/MCUdude/MegaCore/jobs/765851260	push		false	master	5b3bec60f84e956968f3caa311f6282f1d0ffe5d	def9e2bd8b0f...5b3bec60f84e	Use EIND for devices with 256kiB	/home/travis/Arduino/hardware/MegaCore/avr/libraries/EEPROM/examples/eeprom_read/eeprom_read.ino	MegaCore:avr:can32:bootloader=no_bootloader,BOD=3v9,eeprom=keep,LTO=Os,clock=12MHz_external	1.6.13	2348	202	0	false	0	0		0	
2021-04-04 23:40:13	176	176.155	https://travis-ci.org/MCUdude/MegaCore/jobs/765851260	push		false	master	5b3bec60f84e956968f3caa311f6282f1d0ffe5d	def9e2bd8b0f...5b3bec60f84e	Use EIND for devices with 256kiB	/home/travis/Arduino/hardware/MegaCore/avr/libraries/EEPROM/examples/eeprom_clear/eeprom_clear.ino	MegaCore:avr:can32:bootloader=no_bootloader,BOD=3v9,eeprom=keep,LTO=Os,clock=12MHz_external	1.6.13	920	6	0	false	0	0		0	
2021-04-04 23:40:17	176	176.155	https://travis-ci.org/MCUdude/MegaCore/jobs/765851260	push		false	master	5b3bec60f84e956968f3caa311f6282f1d0ffe5d	def9e2bd8b0f...5b3bec60f84e	Use EIND for devices with 256kiB	/home/travis/Arduino/hardware/MegaCore/avr/libraries/EEPROM/examples/eeprom_write/eeprom_write.ino	MegaCore:avr:can32:bootloader=no_bootloader,BOD=3v9,eeprom=keep,LTO=Os,clock=12MHz_external	1.6.13	970	10	0	false	0	0		0	
2021-04-04 23:40:22	176	176.155	https://travis-ci.org/MCUdude/MegaCore/jobs/765851260	push		false	master	5b3bec60f84e956968f3caa311f6282f1d0ffe5d	def9e2bd8b0f...5b3bec60f84e	Use EIND for devices with 256kiB	/home/travis/Arduino/hardware/MegaCore/avr/libraries/EEPROM/examples/eeprom_iteration/eeprom_iteration.ino	MegaCore:avr:can32:bootloader=no_bootloader,BOD=3v9,eeprom=keep,LTO=Os,clock=12MHz_external	1.6.13	676	6	0	false	0	0		0	
2021-04-04 23:40:27	176	176.155	https://travis-ci.org/MCUdude/MegaCore/jobs/765851260	push		false	master	5b3bec60f84e956968f3caa311f6282f1d0ffe5d	def9e2bd8b0f...5b3bec60f84e	Use EIND for devices with 256kiB	/home/travis/Arduino/hardware/MegaCore/avr/libraries/EEPROM/examples/eeprom_update/eeprom_update.ino	MegaCore:avr:can32:bootloader=no_bootloader,BOD=3v9,eeprom=keep,LTO=Os,clock=12MHz_external	1.6.13	1020	10	0	false	0	0		0	
2021-04-04 23:40:31	176	176.155	https://travis-ci.org/MCUdude/MegaCore/jobs/765851260	push		false	master	5b3bec60f84e956968f3caa311f6282f1d0ffe5d	def9e2bd8b0f...5b3bec60f84e	Use EIND for devices with 256kiB	/home/travis/Arduino/hardware/MegaCore/avr/libraries/EEPROM/examples/eeprom_put/eeprom_put.ino	MegaCore:avr:can32:bootloader=no_bootloader,BOD=3v9,eeprom=keep,LTO=Os,clock=12MHz_external	1.6.13	2170	339	0	false	0	0		0	
2021-04-04 23:40:36	176	176.155	https://travis-ci.org/MCUdude/MegaCore/jobs/765851260	push		false	master	5b3bec60f84e956968f3caa311f6282f1d0ffe5d	def9e2bd8b0f...5b3bec60f84e	Use EIND for devices with 256kiB	/home/travis/Arduino/hardware/MegaCore/avr/libraries/Optiboot_flasher/examples/Flash_put_get/Flash_put_get.ino	MegaCore:avr:can32:bootloader=no_bootloader,BOD=3v9,eeprom=keep,LTO=Os,clock=12MHz_external	1.6.13	6478	479	0	false	0	0		0	
2021-04-04 23:40:41	176	176.155	https://travis-ci.org/MCUdude/MegaCore/jobs/765851260	push		false	master	5b3bec60f84e956968f3caa311f6282f1d0ffe5d	def9e2bd8b0f...5b3bec60f84e	Use EIND for devices with 256kiB	/home/travis/Arduino/hardware/MegaCore/avr/libraries/Optiboot_flasher/examples/Read_write_without_buffer/Read_write_without_buffer.ino	MegaCore:avr:can32:bootloader=no_bootloader,BOD=3v9,eeprom=keep,LTO=Os,clock=12MHz_external	1.6.13	5504	200	0	false	0	0		0	
2021-04-04 23:40:45	176	176.155	https://travis-ci.org/MCUdude/MegaCore/jobs/765851260	push		false	master	5b3bec60f84e956968f3caa311f6282f1d0ffe5d	def9e2bd8b0f...5b3bec60f84e	Use EIND for devices with 256kiB	/home/travis/Arduino/hardware/MegaCore/avr/libraries/Optiboot_flasher/examples/Flash_iterate/Flash_iterate.ino	MegaCore:avr:can32:bootloader=no_bootloader,BOD=3v9,eeprom=keep,LTO=Os,clock=12MHz_external	1.6.13	4604	465	0	false	0	0		0	
2021-04-04 23:40:50	176	176.155	https://travis-ci.org/MCUdude/MegaCore/jobs/765851260	push		false	master	5b3bec60f84e956968f3caa311f6282f1d0ffe5d	def9e2bd8b0f...5b3bec60f84e	Use EIND for devices with 256kiB	/home/travis/Arduino/hardware/MegaCore/avr/libraries/Optiboot_flasher/examples/Serial_read_write/Serial_read_write.ino	MegaCore:avr:can32:bootloader=no_bootloader,BOD=3v9,eeprom=keep,LTO=Os,clock=12MHz_external	1.6.13	7056	458	0	false	0	0		0	
2021-04-04 23:40:55	176	176.155	https://travis-ci.org/MCUdude/MegaCore/jobs/765851260	push		false	master	5b3bec60f84e956968f3caa311f6282f1d0ffe5d	def9e2bd8b0f...5b3bec60f84e	Use EIND for devices with 256kiB	/home/travis/Arduino/hardware/MegaCore/avr/libraries/Timer/examples/Events/Events.ino	MegaCore:avr:can32:bootloader=no_bootloader,BOD=3v9,eeprom=keep,LTO=Os,clock=12MHz_external	1.6.13	3968	549	0	false	0	0		0	
2021-04-04 23:41:00	176	176.155	https://travis-ci.org/MCUdude/MegaCore/jobs/765851260	push		false	master	5b3bec60f84e956968f3caa311f6282f1d0ffe5d	def9e2bd8b0f...5b3bec60f84e	Use EIND for devices with 256kiB	/home/travis/Arduino/hardware/MegaCore/avr/libraries/Timer/examples/Pin_high_10_minutes/Pin_high_10_minutes.ino	MegaCore:avr:can32:bootloader=no_bootloader,BOD=3v9,eeprom=keep,LTO=Os,clock=12MHz_external	1.6.13	1620	202	1	false	0	0		0	
2021-04-04 23:41:05	176	176.155	https://travis-ci.org/MCUdude/MegaCore/jobs/765851260	push		false	master	5b3bec60f84e956968f3caa311f6282f1d0ffe5d	def9e2bd8b0f...5b3bec60f84e	Use EIND for devices with 256kiB	/home/travis/Arduino/hardware/MegaCore/avr/libraries/Timer/examples/Multitasking/Multitasking.ino	MegaCore:avr:can32:bootloader=no_bootloader,BOD=3v9,eeprom=keep,LTO=Os,clock=12MHz_external	1.6.13	3466	453	1	false	0	0		0	
2021-04-04 23:41:09	176	176.155	https://travis-ci.org/MCUdude/MegaCore/jobs/765851260	push		false	master	5b3bec60f84e956968f3caa311f6282f1d0ffe5d	def9e2bd8b0f...5b3bec60f84e	Use EIND for devices with 256kiB	/home/travis/Arduino/hardware/MegaCore/avr/libraries/Timer/examples/TimerTest/TimerTest.ino	MegaCore:avr:can32:bootloader=no_bootloader,BOD=3v9,eeprom=keep,LTO=Os,clock=12MHz_external	1.6.13	1584	200	0	false	0	0		0	
2021-04-04 23:41:14	176	176.155	https://travis-ci.org/MCUdude/MegaCore/jobs/765851260	push		false	master	5b3bec60f84e956968f3caa311f6282f1d0ffe5d	def9e2bd8b0f...5b3bec60f84e	Use EIND for devices with 256kiB	/home/travis/Arduino/hardware/MegaCore/avr/libraries/SPI/examples/BarometricPressureSensor/BarometricPressureSensor.ino	MegaCore:avr:can32:bootloader=no_bootloader,BOD=3v9,eeprom=keep,LTO=Os,clock=12MHz_external	1.6.13	6970	234	1	false	0	0		0	
2021-04-04 23:41:19	176	176.155	https://travis-ci.org/MCUdude/MegaCore/jobs/765851260	push		false	master	5b3bec60f84e956968f3caa311f6282f1d0ffe5d	def9e2bd8b0f...5b3bec60f84e	Use EIND for devices with 256kiB	/home/travis/Arduino/hardware/MegaCore/avr/libraries/SPI/examples/DigitalPotControl/DigitalPotControl.ino	MegaCore:avr:can32:bootloader=no_bootloader,BOD=3v9,eeprom=keep,LTO=Os,clock=12MHz_external	1.6.13	1590	7	0	false	0	0		0	
2021-04-04 23:41:24	176	176.155	https://travis-ci.org/MCUdude/MegaCore/jobs/765851260	push		false	master	5b3bec60f84e956968f3caa311f6282f1d0ffe5d	def9e2bd8b0f...5b3bec60f84e	Use EIND for devices with 256kiB	/home/travis/Arduino/hardware/MegaCore/avr/libraries/Wire/examples/i2c_scanner/i2c_scanner.ino	MegaCore:avr:can32:bootloader=no_bootloader,BOD=3v9,eeprom=keep,LTO=Os,clock=12MHz_external	1.6.13	4510	529	0	false	0	0		0	
2021-04-04 23:41:29	176	176.155	https://travis-ci.org/MCUdude/MegaCore/jobs/765851260	push		false	master	5b3bec60f84e956968f3caa311f6282f1d0ffe5d	def9e2bd8b0f...5b3bec60f84e	Use EIND for devices with 256kiB	/home/travis/Arduino/hardware/MegaCore/avr/libraries/Wire/examples/SFRRanger_reader/SFRRanger_reader.ino	MegaCore:avr:can32:bootloader=no_bootloader,BOD=3v9,eeprom=keep,LTO=Os,clock=12MHz_external	1.6.13	4794	413	0	false	0	0		0	
2021-04-04 23:41:33	176	176.155	https://travis-ci.org/MCUdude/MegaCore/jobs/765851260	push		false	master	5b3bec60f84e956968f3caa311f6282f1d0ffe5d	def9e2bd8b0f...5b3bec60f84e	Use EIND for devices with 256kiB	/home/travis/Arduino/hardware/MegaCore/avr/libraries/Wire/examples/master_writer/master_writer.ino	MegaCore:avr:can32:bootloader=no_bootloader,BOD=3v9,eeprom=keep,LTO=Os,clock=12MHz_external	1.6.13	2824	227	0	false	0	0		0	
2021-04-04 23:41:38	176	176.155	https://travis-ci.org/MCUdude/MegaCore/jobs/765851260	push		false	master	5b3bec60f84e956968f3caa311f6282f1d0ffe5d	def9e2bd8b0f...5b3bec60f84e	Use EIND for devices with 256kiB	/home/travis/Arduino/hardware/MegaCore/avr/libraries/Wire/examples/digital_potentiometer/digital_potentiometer.ino	MegaCore:avr:can32:bootloader=no_bootloader,BOD=3v9,eeprom=keep,LTO=Os,clock=12MHz_external	1.6.13	2810	221	0	false	0	0		0	
2021-04-04 23:41:43	176	176.155	https://travis-ci.org/MCUdude/MegaCore/jobs/765851260	push		false	master	5b3bec60f84e956968f3caa311f6282f1d0ffe5d	def9e2bd8b0f...5b3bec60f84e	Use EIND for devices with 256kiB	/home/travis/Arduino/hardware/MegaCore/avr/libraries/Wire/examples/slave_receiver/slave_receiver.ino	MegaCore:avr:can32:bootloader=no_bootloader,BOD=3v9,eeprom=keep,LTO=Os,clock=12MHz_external	1.6.13	4160	410	1	false	0	0		0	
2021-04-04 23:41:48	176	176.155	https://travis-ci.org/MCUdude/MegaCore/jobs/765851260	push		false	master	5b3bec60f84e956968f3caa311f6282f1d0ffe5d	def9e2bd8b0f...5b3bec60f84e	Use EIND for devices with 256kiB	/home/travis/Arduino/hardware/MegaCore/avr/libraries/Wire/examples/master_reader/master_reader.ino	MegaCore:avr:can32:bootloader=no_bootloader,BOD=3v9,eeprom=keep,LTO=Os,clock=12MHz_external	1.6.13	4260	395	0	false	0	0		0	
2021-04-04 23:41:52	176	176.155	https://travis-ci.org/MCUdude/MegaCore/jobs/765851260	push		false	master	5b3bec60f84e956968f3caa311f6282f1d0ffe5d	def9e2bd8b0f...5b3bec60f84e	Use EIND for devices with 256kiB	/home/travis/Arduino/hardware/MegaCore/avr/libraries/Wire/examples/slave_sender/slave_sender.ino	MegaCore:avr:can32:bootloader=no_bootloader,BOD=3v9,eeprom=keep,LTO=Os,clock=12MHz_external	1.6.13	2612	227	0	false	0	0		0	
2021-04-04 23:41:57	176	176.155	https://travis-ci.org/MCUdude/MegaCore/jobs/765851260	push		false	master	5b3bec60f84e956968f3caa311f6282f1d0ffe5d	def9e2bd8b0f...5b3bec60f84e	Use EIND for devices with 256kiB	/home/travis/Arduino/hardware/MegaCore/avr/libraries/AVR_examples/examples/Blink_using_Timer0/Blink_using_Timer0.ino	MegaCore:avr:can32:bootloader=no_bootloader,BOD=3v9,eeprom=keep,LTO=Os,clock=12MHz_external	1.8.6	286	3	0	false	0	0		0	
2021-04-04 23:42:00	176	176.155	https://travis-ci.org/MCUdude/MegaCore/jobs/765851260	push		false	master	5b3bec60f84e956968f3caa311f6282f1d0ffe5d	def9e2bd8b0f...5b3bec60f84e	Use EIND for devices with 256kiB	/home/travis/Arduino/hardware/MegaCore/avr/libraries/AVR_examples/examples/Read_port_write_port/Read_port_write_port.ino	MegaCore:avr:can32:bootloader=no_bootloader,BOD=3v9,eeprom=keep,LTO=Os,clock=12MHz_external	1.8.6	188	0	0	false	0	0		0	
2021-04-04 23:42:02	176	176.155	https://travis-ci.org/MCUdude/MegaCore/jobs/765851260	push		false	master	5b3bec60f84e956968f3caa311f6282f1d0ffe5d	def9e2bd8b0f...5b3bec60f84e	Use EIND for devices with 256kiB	/home/travis/Arduino/hardware/MegaCore/avr/libraries/AVR_examples/examples/Measure_period_length/Measure_period_length.ino	MegaCore:avr:can32:bootloader=no_bootloader,BOD=3v9,eeprom=keep,LTO=Os,clock=12MHz_external	1.8.6	1816	202	0	false	0	0		0	
2021-04-04 23:42:05	176	176.155	https://travis-ci.org/MCUdude/MegaCore/jobs/765851260	push		false	master	5b3bec60f84e956968f3caa311f6282f1d0ffe5d	def9e2bd8b0f...5b3bec60f84e	Use EIND for devices with 256kiB	/home/travis/Arduino/hardware/MegaCore/avr/libraries/AVR_examples/examples/Watch_dog_timer/Watch_dog_timer.ino	MegaCore:avr:can32:bootloader=no_bootloader,BOD=3v9,eeprom=keep,LTO=Os,clock=12MHz_external	1.8.6	278	2	0	false	0	0		0	
2021-04-04 23:42:08	176	176.155	https://travis-ci.org/MCUdude/MegaCore/jobs/765851260	push		false	master	5b3bec60f84e956968f3caa311f6282f1d0ffe5d	def9e2bd8b0f...5b3bec60f84e	Use EIND for devices with 256kiB	/home/travis/Arduino/hardware/MegaCore/avr/libraries/AVR_examples/examples/Blink/Blink.ino	MegaCore:avr:can32:bootloader=no_bootloader,BOD=3v9,eeprom=keep,LTO=Os,clock=12MHz_external	1.8.6	220	0	0	false	0	0		0	
2021-04-04 23:42:11	176	176.155	https://travis-ci.org/MCUdude/MegaCore/jobs/765851260	push		false	master	5b3bec60f84e956968f3caa311f6282f1d0ffe5d	def9e2bd8b0f...5b3bec60f84e	Use EIND for devices with 256kiB	/home/travis/Arduino/hardware/MegaCore/avr/libraries/SD/examples/Datalogger/Datalogger.ino	MegaCore:avr:can32:bootloader=no_bootloader,BOD=3v9,eeprom=keep,LTO=Os,clock=12MHz_external	1.8.6	13970	942	5	false	0	0		0	
2021-04-04 23:42:15	176	176.155	https://travis-ci.org/MCUdude/MegaCore/jobs/765851260	push		false	master	5b3bec60f84e956968f3caa311f6282f1d0ffe5d	def9e2bd8b0f...5b3bec60f84e	Use EIND for devices with 256kiB	/home/travis/Arduino/hardware/MegaCore/avr/libraries/SD/examples/CardInfo/CardInfo.ino	MegaCore:avr:can32:bootloader=no_bootloader,BOD=3v9,eeprom=keep,LTO=Os,clock=12MHz_external	1.8.6	11444	1361	5	false	0	0		0	
2021-04-04 23:42:18	176	176.155	https://travis-ci.org/MCUdude/MegaCore/jobs/765851260	push		false	master	5b3bec60f84e956968f3caa311f6282f1d0ffe5d	def9e2bd8b0f...5b3bec60f84e	Use EIND for devices with 256kiB	/home/travis/Arduino/hardware/MegaCore/avr/libraries/SD/examples/ReadWrite/ReadWrite.ino	MegaCore:avr:can32:bootloader=no_bootloader,BOD=3v9,eeprom=keep,LTO=Os,clock=12MHz_external	1.8.6	12818	1011	5	false	0	0		0	
2021-04-04 23:42:22	176	176.155	https://travis-ci.org/MCUdude/MegaCore/jobs/765851260	push		false	master	5b3bec60f84e956968f3caa311f6282f1d0ffe5d	def9e2bd8b0f...5b3bec60f84e	Use EIND for devices with 256kiB	/home/travis/Arduino/hardware/MegaCore/avr/libraries/SD/examples/listfiles/listfiles.ino	MegaCore:avr:can32:bootloader=no_bootloader,BOD=3v9,eeprom=keep,LTO=Os,clock=12MHz_external	1.8.6	13558	947	5	false	0	0		0	
2021-04-04 23:42:26	176	176.155	https://travis-ci.org/MCUdude/MegaCore/jobs/765851260	push		false	master	5b3bec60f84e956968f3caa311f6282f1d0ffe5d	def9e2bd8b0f...5b3bec60f84e	Use EIND for devices with 256kiB	/home/travis/Arduino/hardware/MegaCore/avr/libraries/SD/examples/DumpFile/DumpFile.ino	MegaCore:avr:can32:bootloader=no_bootloader,BOD=3v9,eeprom=keep,LTO=Os,clock=12MHz_external	1.8.6	12546	940	5	false	0	0		0	
2021-04-04 23:42:29	176	176.155	https://travis-ci.org/MCUdude/MegaCore/jobs/765851260	push		false	master	5b3bec60f84e956968f3caa311f6282f1d0ffe5d	def9e2bd8b0f...5b3bec60f84e	Use EIND for devices with 256kiB	/home/travis/Arduino/hardware/MegaCore/avr/libraries/SD/examples/Files/Files.ino	MegaCore:avr:can32:bootloader=no_bootloader,BOD=3v9,eeprom=keep,LTO=Os,clock=12MHz_external	1.8.6	13498	1045	5	false	0	0		0	
2021-04-04 23:42:32	176	176.155	https://travis-ci.org/MCUdude/MegaCore/jobs/765851260	push		false	master	5b3bec60f84e956968f3caa311f6282f1d0ffe5d	def9e2bd8b0f...5b3bec60f84e	Use EIND for devices with 256kiB	/home/travis/Arduino/hardware/MegaCore/avr/libraries/SoftwareSerial/examples/SoftwareSerialExample/SoftwareSerialExample.ino	MegaCore:avr:can32:bootloader=no_bootloader,BOD=3v9,eeprom=keep,LTO=Os,clock=12MHz_external	1.8.6	4600	360	0	false	0	0		0	
2021-04-04 23:42:35	176	176.155	https://travis-ci.org/MCUdude/MegaCore/jobs/765851260	push		false	master	5b3bec60f84e956968f3caa311f6282f1d0ffe5d	def9e2bd8b0f...5b3bec60f84e	Use EIND for devices with 256kiB	/home/travis/Arduino/hardware/MegaCore/avr/libraries/SoftwareSerial/examples/TwoPortReceive/TwoPortReceive.ino	MegaCore:avr:can32:bootloader=no_bootloader,BOD=3v9,eeprom=keep,LTO=Os,clock=12MHz_external	1.8.6	4686	401	0	false	0	0		0	
2021-04-04 23:42:38	176	176.155	https://travis-ci.org/MCUdude/MegaCore/jobs/765851260	push		false	master	5b3bec60f84e956968f3caa311f6282f1d0ffe5d	def9e2bd8b0f...5b3bec60f84e	Use EIND for devices with 256kiB	/home/travis/Arduino/hardware/MegaCore/avr/libraries/Servo/examples/Knob/Knob.ino	MegaCore:avr:can32:bootloader=no_bootloader,BOD=3v9,eeprom=keep,LTO=Os,clock=12MHz_external	1.8.6	2948	53	0	false	0	0		0	
2021-04-04 23:42:40	176	176.155	https://travis-ci.org/MCUdude/MegaCore/jobs/765851260	push		false	master	5b3bec60f84e956968f3caa311f6282f1d0ffe5d	def9e2bd8b0f...5b3bec60f84e	Use EIND for devices with 256kiB	/home/travis/Arduino/hardware/MegaCore/avr/libraries/Servo/examples/Sweep/Sweep.ino	MegaCore:avr:can32:bootloader=no_bootloader,BOD=3v9,eeprom=keep,LTO=Os,clock=12MHz_external	1.8.6	2870	49	0	false	0	0		0	
2021-04-04 23:42:43	176	176.155	https://travis-ci.org/MCUdude/MegaCore/jobs/765851260	push		false	master	5b3bec60f84e956968f3caa311f6282f1d0ffe5d	def9e2bd8b0f...5b3bec60f84e	Use EIND for devices with 256kiB	/home/travis/Arduino/hardware/MegaCore/avr/libraries/EEPROM/examples/eeprom_get/eeprom_get.ino	MegaCore:avr:can32:bootloader=no_bootloader,BOD=3v9,eeprom=keep,LTO=Os,clock=12MHz_external	1.8.6	3926	255	0	false	0	0		0	
2021-04-04 23:42:46	176	176.155	https://travis-ci.org/MCUdude/MegaCore/jobs/765851260	push		false	master	5b3bec60f84e956968f3caa311f6282f1d0ffe5d	def9e2bd8b0f...5b3bec60f84e	Use EIND for devices with 256kiB	/home/travis/Arduino/hardware/MegaCore/avr/libraries/EEPROM/examples/eeprom_crc/eeprom_crc.ino	MegaCore:avr:can32:bootloader=no_bootloader,BOD=3v9,eeprom=keep,LTO=Os,clock=12MHz_external	1.8.6	2448	309	0	false	0	0		0	
2021-04-04 23:42:49	176	176.155	https://travis-ci.org/MCUdude/MegaCore/jobs/765851260	push		false	master	5b3bec60f84e956968f3caa311f6282f1d0ffe5d	def9e2bd8b0f...5b3bec60f84e	Use EIND for devices with 256kiB	/home/travis/Arduino/hardware/MegaCore/avr/libraries/EEPROM/examples/eeprom_read/eeprom_read.ino	MegaCore:avr:can32:bootloader=no_bootloader,BOD=3v9,eeprom=keep,LTO=Os,clock=12MHz_external	1.8.6	2346	202	0	false	0	0		0	
2021-04-04 23:42:51	176	176.155	https://travis-ci.org/MCUdude/MegaCore/jobs/765851260	push		false	master	5b3bec60f84e956968f3caa311f6282f1d0ffe5d	def9e2bd8b0f...5b3bec60f84e	Use EIND for devices with 256kiB	/home/travis/Arduino/hardware/MegaCore/avr/libraries/EEPROM/examples/eeprom_clear/eeprom_clear.ino	MegaCore:avr:can32:bootloader=no_bootloader,BOD=3v9,eeprom=keep,LTO=Os,clock=12MHz_external	1.8.6	918	6	0	false	0	0		0	
2021-04-04 23:42:54	176	176.155	https://travis-ci.org/MCUdude/MegaCore/jobs/765851260	push		false	master	5b3bec60f84e956968f3caa311f6282f1d0ffe5d	def9e2bd8b0f...5b3bec60f84e	Use EIND for devices with 256kiB	/home/travis/Arduino/hardware/MegaCore/avr/libraries/EEPROM/examples/eeprom_write/eeprom_write.ino	MegaCore:avr:can32:bootloader=no_bootloader,BOD=3v9,eeprom=keep,LTO=Os,clock=12MHz_external	1.8.6	970	10	0	false	0	0		0	
2021-04-04 23:42:57	176	176.155	https://travis-ci.org/MCUdude/MegaCore/jobs/765851260	push		false	master	5b3bec60f84e956968f3caa311f6282f1d0ffe5d	def9e2bd8b0f...5b3bec60f84e	Use EIND for devices with 256kiB	/home/travis/Arduino/hardware/MegaCore/avr/libraries/EEPROM/examples/eeprom_iteration/eeprom_iteration.ino	MegaCore:avr:can32:bootloader=no_bootloader,BOD=3v9,eeprom=keep,LTO=Os,clock=12MHz_external	1.8.6	664	6	0	false	0	0		0	
2021-04-04 23:43:00	176	176.155	https://travis-ci.org/MCUdude/MegaCore/jobs/765851260	push		false	master	5b3bec60f84e956968f3caa311f6282f1d0ffe5d	def9e2bd8b0f...5b3bec60f84e	Use EIND for devices with 256kiB	/home/travis/Arduino/hardware/MegaCore/avr/libraries/EEPROM/examples/eeprom_update/eeprom_update.ino	MegaCore:avr:can32:bootloader=no_bootloader,BOD=3v9,eeprom=keep,LTO=Os,clock=12MHz_external	1.8.6	1020	10	0	false	0	0		0	
2021-04-04 23:43:02	176	176.155	https://travis-ci.org/MCUdude/MegaCore/jobs/765851260	push		false	master	5b3bec60f84e956968f3caa311f6282f1d0ffe5d	def9e2bd8b0f...5b3bec60f84e	Use EIND for devices with 256kiB	/home/travis/Arduino/hardware/MegaCore/avr/libraries/EEPROM/examples/eeprom_put/eeprom_put.ino	MegaCore:avr:can32:bootloader=no_bootloader,BOD=3v9,eeprom=keep,LTO=Os,clock=12MHz_external	1.8.6	2144	339	0	false	0	0		0	
2021-04-04 23:43:05	176	176.155	https://travis-ci.org/MCUdude/MegaCore/jobs/765851260	push		false	master	5b3bec60f84e956968f3caa311f6282f1d0ffe5d	def9e2bd8b0f...5b3bec60f84e	Use EIND for devices with 256kiB	/home/travis/Arduino/hardware/MegaCore/avr/libraries/Optiboot_flasher/examples/Flash_put_get/Flash_put_get.ino	MegaCore:avr:can32:bootloader=no_bootloader,BOD=3v9,eeprom=keep,LTO=Os,clock=12MHz_external	1.8.6	6408	479	0	false	0	0		0	
2021-04-04 23:43:08	176	176.155	https://travis-ci.org/MCUdude/MegaCore/jobs/765851260	push		false	master	5b3bec60f84e956968f3caa311f6282f1d0ffe5d	def9e2bd8b0f...5b3bec60f84e	Use EIND for devices with 256kiB	/home/travis/Arduino/hardware/MegaCore/avr/libraries/Optiboot_flasher/examples/Read_write_without_buffer/Read_write_without_buffer.ino	MegaCore:avr:can32:bootloader=no_bootloader,BOD=3v9,eeprom=keep,LTO=Os,clock=12MHz_external	1.8.6	5500	200	0	false	0	0		0	
2021-04-04 23:43:11	176	176.155	https://travis-ci.org/MCUdude/MegaCore/jobs/765851260	push		false	master	5b3bec60f84e956968f3caa311f6282f1d0ffe5d	def9e2bd8b0f...5b3bec60f84e	Use EIND for devices with 256kiB	/home/travis/Arduino/hardware/MegaCore/avr/libraries/Optiboot_flasher/examples/Flash_iterate/Flash_iterate.ino	MegaCore:avr:can32:bootloader=no_bootloader,BOD=3v9,eeprom=keep,LTO=Os,clock=12MHz_external	1.8.6	4554	465	0	false	0	0		0	
2021-04-04 23:43:14	176	176.155	https://travis-ci.org/MCUdude/MegaCore/jobs/765851260	push		false	master	5b3bec60f84e956968f3caa311f6282f1d0ffe5d	def9e2bd8b0f...5b3bec60f84e	Use EIND for devices with 256kiB	/home/travis/Arduino/hardware/MegaCore/avr/libraries/Optiboot_flasher/examples/Serial_read_write/Serial_read_write.ino	MegaCore:avr:can32:bootloader=no_bootloader,BOD=3v9,eeprom=keep,LTO=Os,clock=12MHz_external	1.8.6	7044	458	0	false	0	0		0	
2021-04-04 23:43:17	176	176.155	https://travis-ci.org/MCUdude/MegaCore/jobs/765851260	push		false	master	5b3bec60f84e956968f3caa311f6282f1d0ffe5d	def9e2bd8b0f...5b3bec60f84e	Use EIND for devices with 256kiB	/home/travis/Arduino/hardware/MegaCore/avr/libraries/Timer/examples/Events/Events.ino	MegaCore:avr:can32:bootloader=no_bootloader,BOD=3v9,eeprom=keep,LTO=Os,clock=12MHz_external	1.8.6	3898	549	0	false	0	0		0	
2021-04-04 23:43:19	176	176.155	https://travis-ci.org/MCUdude/MegaCore/jobs/765851260	push		false	master	5b3bec60f84e956968f3caa311f6282f1d0ffe5d	def9e2bd8b0f...5b3bec60f84e	Use EIND for devices with 256kiB	/home/travis/Arduino/hardware/MegaCore/avr/libraries/Timer/examples/Pin_high_10_minutes/Pin_high_10_minutes.ino	MegaCore:avr:can32:bootloader=no_bootloader,BOD=3v9,eeprom=keep,LTO=Os,clock=12MHz_external	1.8.6	1592	202	1	false	0	0		0	
2021-04-04 23:43:22	176	176.155	https://travis-ci.org/MCUdude/MegaCore/jobs/765851260	push		false	master	5b3bec60f84e956968f3caa311f6282f1d0ffe5d	def9e2bd8b0f...5b3bec60f84e	Use EIND for devices with 256kiB	/home/travis/Arduino/hardware/MegaCore/avr/libraries/Timer/examples/Multitasking/Multitasking.ino	MegaCore:avr:can32:bootloader=no_bootloader,BOD=3v9,eeprom=keep,LTO=Os,clock=12MHz_external	1.8.6	3436	453	1	false	0	0		0	
2021-04-04 23:43:25	176	176.155	https://travis-ci.org/MCUdude/MegaCore/jobs/765851260	push		false	master	5b3bec60f84e956968f3caa311f6282f1d0ffe5d	def9e2bd8b0f...5b3bec60f84e	Use EIND for devices with 256kiB	/home/travis/Arduino/hardware/MegaCore/avr/libraries/Timer/examples/TimerTest/TimerTest.ino	MegaCore:avr:can32:bootloader=no_bootloader,BOD=3v9,eeprom=keep,LTO=Os,clock=12MHz_external	1.8.6	1556	200	0	false	0	0		0	
2021-04-04 23:43:28	176	176.155	https://travis-ci.org/MCUdude/MegaCore/jobs/765851260	push		false	master	5b3bec60f84e956968f3caa311f6282f1d0ffe5d	def9e2bd8b0f...5b3bec60f84e	Use EIND for devices with 256kiB	/home/travis/Arduino/hardware/MegaCore/avr/libraries/SPI/examples/BarometricPressureSensor/BarometricPressureSensor.ino	MegaCore:avr:can32:bootloader=no_bootloader,BOD=3v9,eeprom=keep,LTO=Os,clock=12MHz_external	1.8.6	6922	234	1	false	0	0		0	
2021-04-04 23:43:31	176	176.155	https://travis-ci.org/MCUdude/MegaCore/jobs/765851260	push		false	master	5b3bec60f84e956968f3caa311f6282f1d0ffe5d	def9e2bd8b0f...5b3bec60f84e	Use EIND for devices with 256kiB	/home/travis/Arduino/hardware/MegaCore/avr/libraries/SPI/examples/DigitalPotControl/DigitalPotControl.ino	MegaCore:avr:can32:bootloader=no_bootloader,BOD=3v9,eeprom=keep,LTO=Os,clock=12MHz_external	1.8.6	1588	7	0	false	0	0		0	
2021-04-04 23:43:34	176	176.155	https://travis-ci.org/MCUdude/MegaCore/jobs/765851260	push		false	master	5b3bec60f84e956968f3caa311f6282f1d0ffe5d	def9e2bd8b0f...5b3bec60f84e	Use EIND for devices with 256kiB	/home/travis/Arduino/hardware/MegaCore/avr/libraries/Wire/examples/i2c_scanner/i2c_scanner.ino	MegaCore:avr:can32:bootloader=no_bootloader,BOD=3v9,eeprom=keep,LTO=Os,clock=12MHz_external	1.8.6	4502	529	0	false	0	0		0	
2021-04-04 23:43:37	176	176.155	https://travis-ci.org/MCUdude/MegaCore/jobs/765851260	push		false	master	5b3bec60f84e956968f3caa311f6282f1d0ffe5d	def9e2bd8b0f...5b3bec60f84e	Use EIND for devices with 256kiB	/home/travis/Arduino/hardware/MegaCore/avr/libraries/Wire/examples/SFRRanger_reader/SFRRanger_reader.ino	MegaCore:avr:can32:bootloader=no_bootloader,BOD=3v9,eeprom=keep,LTO=Os,clock=12MHz_external	1.8.6	4796	413	0	false	0	0		0	
2021-04-04 23:43:40	176	176.155	https://travis-ci.org/MCUdude/MegaCore/jobs/765851260	push		false	master	5b3bec60f84e956968f3caa311f6282f1d0ffe5d	def9e2bd8b0f...5b3bec60f84e	Use EIND for devices with 256kiB	/home/travis/Arduino/hardware/MegaCore/avr/libraries/Wire/examples/master_writer/master_writer.ino	MegaCore:avr:can32:bootloader=no_bootloader,BOD=3v9,eeprom=keep,LTO=Os,clock=12MHz_external	1.8.6	2816	227	0	false	0	0		0	
2021-04-04 23:43:43	176	176.155	https://travis-ci.org/MCUdude/MegaCore/jobs/765851260	push		false	master	5b3bec60f84e956968f3caa311f6282f1d0ffe5d	def9e2bd8b0f...5b3bec60f84e	Use EIND for devices with 256kiB	/home/travis/Arduino/hardware/MegaCore/avr/libraries/Wire/examples/digital_potentiometer/digital_potentiometer.ino	MegaCore:avr:can32:bootloader=no_bootloader,BOD=3v9,eeprom=keep,LTO=Os,clock=12MHz_external	1.8.6	2814	221	0	false	0	0		0	
2021-04-04 23:43:46	176	176.155	https://travis-ci.org/MCUdude/MegaCore/jobs/765851260	push		false	master	5b3bec60f84e956968f3caa311f6282f1d0ffe5d	def9e2bd8b0f...5b3bec60f84e	Use EIND for devices with 256kiB	/home/travis/Arduino/hardware/MegaCore/avr/libraries/Wire/examples/slave_receiver/slave_receiver.ino	MegaCore:avr:can32:bootloader=no_bootloader,BOD=3v9,eeprom=keep,LTO=Os,clock=12MHz_external	1.8.6	4148	410	1	false	0	0		0	
2021-04-04 23:43:49	176	176.155	https://travis-ci.org/MCUdude/MegaCore/jobs/765851260	push		false	master	5b3bec60f84e956968f3caa311f6282f1d0ffe5d	def9e2bd8b0f...5b3bec60f84e	Use EIND for devices with 256kiB	/home/travis/Arduino/hardware/MegaCore/avr/libraries/Wire/examples/master_reader/master_reader.ino	MegaCore:avr:can32:bootloader=no_bootloader,BOD=3v9,eeprom=keep,LTO=Os,clock=12MHz_external	1.8.6	4262	395	0	false	0	0		0	
2021-04-04 23:43:51	176	176.155	https://travis-ci.org/MCUdude/MegaCore/jobs/765851260	push		false	master	5b3bec60f84e956968f3caa311f6282f1d0ffe5d	def9e2bd8b0f...5b3bec60f84e	Use EIND for devices with 256kiB	/home/travis/Arduino/hardware/MegaCore/avr/libraries/Wire/examples/slave_sender/slave_sender.ino	MegaCore:avr:can32:bootloader=no_bootloader,BOD=3v9,eeprom=keep,LTO=Os,clock=12MHz_external	1.8.6	2590	227	0	false	0	0		0	
2021-04-04 23:43:57	176	176.155	https://travis-ci.org/MCUdude/MegaCore/jobs/765851260	push		false	master	5b3bec60f84e956968f3caa311f6282f1d0ffe5d	def9e2bd8b0f...5b3bec60f84e	Use EIND for devices with 256kiB	/home/travis/Arduino/hardware/MegaCore/avr/libraries/AVR_examples/examples/Blink_using_Timer0/Blink_using_Timer0.ino	MegaCore:avr:can32:bootloader=no_bootloader,BOD=3v9,eeprom=keep,LTO=Os,clock=12MHz_external	1.8.13	286	3	0	false	0	0		0	
2021-04-04 23:44:00	176	176.155	https://travis-ci.org/MCUdude/MegaCore/jobs/765851260	push		false	master	5b3bec60f84e956968f3caa311f6282f1d0ffe5d	def9e2bd8b0f...5b3bec60f84e	Use EIND for devices with 256kiB	/home/travis/Arduino/hardware/MegaCore/avr/libraries/AVR_examples/examples/Read_port_write_port/Read_port_write_port.ino	MegaCore:avr:can32:bootloader=no_bootloader,BOD=3v9,eeprom=keep,LTO=Os,clock=12MHz_external	1.8.13	188	0	0	false	0	0		0	
2021-04-04 23:44:03	176	176.155	https://travis-ci.org/MCUdude/MegaCore/jobs/765851260	push		false	master	5b3bec60f84e956968f3caa311f6282f1d0ffe5d	def9e2bd8b0f...5b3bec60f84e	Use EIND for devices with 256kiB	/home/travis/Arduino/hardware/MegaCore/avr/libraries/AVR_examples/examples/Measure_period_length/Measure_period_length.ino	MegaCore:avr:can32:bootloader=no_bootloader,BOD=3v9,eeprom=keep,LTO=Os,clock=12MHz_external	1.8.13	1794	190	0	false	0	0		0	
2021-04-04 23:44:06	176	176.155	https://travis-ci.org/MCUdude/MegaCore/jobs/765851260	push		false	master	5b3bec60f84e956968f3caa311f6282f1d0ffe5d	def9e2bd8b0f...5b3bec60f84e	Use EIND for devices with 256kiB	/home/travis/Arduino/hardware/MegaCore/avr/libraries/AVR_examples/examples/Watch_dog_timer/Watch_dog_timer.ino	MegaCore:avr:can32:bootloader=no_bootloader,BOD=3v9,eeprom=keep,LTO=Os,clock=12MHz_external	1.8.13	278	2	0	false	0	0		0	
2021-04-04 23:44:10	176	176.155	https://travis-ci.org/MCUdude/MegaCore/jobs/765851260	push		false	master	5b3bec60f84e956968f3caa311f6282f1d0ffe5d	def9e2bd8b0f...5b3bec60f84e	Use EIND for devices with 256kiB	/home/travis/Arduino/hardware/MegaCore/avr/libraries/AVR_examples/examples/Blink/Blink.ino	MegaCore:avr:can32:bootloader=no_bootloader,BOD=3v9,eeprom=keep,LTO=Os,clock=12MHz_external	1.8.13	220	0	0	false	0	0		0	
2021-04-04 23:44:13	176	176.155	https://travis-ci.org/MCUdude/MegaCore/jobs/765851260	push		false	master	5b3bec60f84e956968f3caa311f6282f1d0ffe5d	def9e2bd8b0f...5b3bec60f84e	Use EIND for devices with 256kiB	/home/travis/Arduino/hardware/MegaCore/avr/libraries/SD/examples/Datalogger/Datalogger.ino	MegaCore:avr:can32:bootloader=no_bootloader,BOD=3v9,eeprom=keep,LTO=Os,clock=12MHz_external	1.8.13	13918	930	5	false	0	0		0	
2021-04-04 23:44:17	176	176.155	https://travis-ci.org/MCUdude/MegaCore/jobs/765851260	push		false	master	5b3bec60f84e956968f3caa311f6282f1d0ffe5d	def9e2bd8b0f...5b3bec60f84e	Use EIND for devices with 256kiB	/home/travis/Arduino/hardware/MegaCore/avr/libraries/SD/examples/CardInfo/CardInfo.ino	MegaCore:avr:can32:bootloader=no_bootloader,BOD=3v9,eeprom=keep,LTO=Os,clock=12MHz_external	1.8.13	11432	1349	5	false	0	0		0	
2021-04-04 23:44:21	176	176.155	https://travis-ci.org/MCUdude/MegaCore/jobs/765851260	push		false	master	5b3bec60f84e956968f3caa311f6282f1d0ffe5d	def9e2bd8b0f...5b3bec60f84e	Use EIND for devices with 256kiB	/home/travis/Arduino/hardware/MegaCore/avr/libraries/SD/examples/ReadWrite/ReadWrite.ino	MegaCore:avr:can32:bootloader=no_bootloader,BOD=3v9,eeprom=keep,LTO=Os,clock=12MHz_external	1.8.13	12818	999	5	false	0	0		0	
2021-04-04 23:44:25	176	176.155	https://travis-ci.org/MCUdude/MegaCore/jobs/765851260	push		false	master	5b3bec60f84e956968f3caa311f6282f1d0ffe5d	def9e2bd8b0f...5b3bec60f84e	Use EIND for devices with 256kiB	/home/travis/Arduino/hardware/MegaCore/avr/libraries/SD/examples/listfiles/listfiles.ino	MegaCore:avr:can32:bootloader=no_bootloader,BOD=3v9,eeprom=keep,LTO=Os,clock=12MHz_external	1.8.13	13636	935	5	false	0	0		0	
2021-04-04 23:44:29	176	176.155	https://travis-ci.org/MCUdude/MegaCore/jobs/765851260	push		false	master	5b3bec60f84e956968f3caa311f6282f1d0ffe5d	def9e2bd8b0f...5b3bec60f84e	Use EIND for devices with 256kiB	/home/travis/Arduino/hardware/MegaCore/avr/libraries/SD/examples/DumpFile/DumpFile.ino	MegaCore:avr:can32:bootloader=no_bootloader,BOD=3v9,eeprom=keep,LTO=Os,clock=12MHz_external	1.8.13	12546	928	5	false	0	0		0	
2021-04-04 23:44:33	176	176.155	https://travis-ci.org/MCUdude/MegaCore/jobs/765851260	push		false	master	5b3bec60f84e956968f3caa311f6282f1d0ffe5d	def9e2bd8b0f...5b3bec60f84e	Use EIND for devices with 256kiB	/home/travis/Arduino/hardware/MegaCore/avr/libraries/SD/examples/Files/Files.ino	MegaCore:avr:can32:bootloader=no_bootloader,BOD=3v9,eeprom=keep,LTO=Os,clock=12MHz_external	1.8.13	13492	1033	5	false	0	0		0	
2021-04-04 23:44:36	176	176.155	https://travis-ci.org/MCUdude/MegaCore/jobs/765851260	push		false	master	5b3bec60f84e956968f3caa311f6282f1d0ffe5d	def9e2bd8b0f...5b3bec60f84e	Use EIND for devices with 256kiB	/home/travis/Arduino/hardware/MegaCore/avr/libraries/SoftwareSerial/examples/SoftwareSerialExample/SoftwareSerialExample.ino	MegaCore:avr:can32:bootloader=no_bootloader,BOD=3v9,eeprom=keep,LTO=Os,clock=12MHz_external	1.8.13	4582	348	0	false	0	0		0	
2021-04-04 23:44:40	176	176.155	https://travis-ci.org/MCUdude/MegaCore/jobs/765851260	push		false	master	5b3bec60f84e956968f3caa311f6282f1d0ffe5d	def9e2bd8b0f...5b3bec60f84e	Use EIND for devices with 256kiB	/home/travis/Arduino/hardware/MegaCore/avr/libraries/SoftwareSerial/examples/TwoPortReceive/TwoPortReceive.ino	MegaCore:avr:can32:bootloader=no_bootloader,BOD=3v9,eeprom=keep,LTO=Os,clock=12MHz_external	1.8.13	4668	389	0	false	0	0		0	
2021-04-04 23:44:43	176	176.155	https://travis-ci.org/MCUdude/MegaCore/jobs/765851260	push		false	master	5b3bec60f84e956968f3caa311f6282f1d0ffe5d	def9e2bd8b0f...5b3bec60f84e	Use EIND for devices with 256kiB	/home/travis/Arduino/hardware/MegaCore/avr/libraries/Servo/examples/Knob/Knob.ino	MegaCore:avr:can32:bootloader=no_bootloader,BOD=3v9,eeprom=keep,LTO=Os,clock=12MHz_external	1.8.13	2914	53	0	false	0	0		0	
2021-04-04 23:44:46	176	176.155	https://travis-ci.org/MCUdude/MegaCore/jobs/765851260	push		false	master	5b3bec60f84e956968f3caa311f6282f1d0ffe5d	def9e2bd8b0f...5b3bec60f84e	Use EIND for devices with 256kiB	/home/travis/Arduino/hardware/MegaCore/avr/libraries/Servo/examples/Sweep/Sweep.ino	MegaCore:avr:can32:bootloader=no_bootloader,BOD=3v9,eeprom=keep,LTO=Os,clock=12MHz_external	1.8.13	2842	49	0	false	0	0		0	
2021-04-04 23:44:49	176	176.155	https://travis-ci.org/MCUdude/MegaCore/jobs/765851260	push		false	master	5b3bec60f84e956968f3caa311f6282f1d0ffe5d	def9e2bd8b0f...5b3bec60f84e	Use EIND for devices with 256kiB	/home/travis/Arduino/hardware/MegaCore/avr/libraries/EEPROM/examples/eeprom_get/eeprom_get.ino	MegaCore:avr:can32:bootloader=no_bootloader,BOD=3v9,eeprom=keep,LTO=Os,clock=12MHz_external	1.8.13	3930	255	0	false	0	0		0	
2021-04-04 23:44:52	176	176.155	https://travis-ci.org/MCUdude/MegaCore/jobs/765851260	push		false	master	5b3bec60f84e956968f3caa311f6282f1d0ffe5d	def9e2bd8b0f...5b3bec60f84e	Use EIND for devices with 256kiB	/home/travis/Arduino/hardware/MegaCore/avr/libraries/EEPROM/examples/eeprom_crc/eeprom_crc.ino	MegaCore:avr:can32:bootloader=no_bootloader,BOD=3v9,eeprom=keep,LTO=Os,clock=12MHz_external	1.8.13	2430	297	0	false	0	0		0	
2021-04-04 23:44:55	176	176.155	https://travis-ci.org/MCUdude/MegaCore/jobs/765851260	push		false	master	5b3bec60f84e956968f3caa311f6282f1d0ffe5d	def9e2bd8b0f...5b3bec60f84e	Use EIND for devices with 256kiB	/home/travis/Arduino/hardware/MegaCore/avr/libraries/EEPROM/examples/eeprom_read/eeprom_read.ino	MegaCore:avr:can32:bootloader=no_bootloader,BOD=3v9,eeprom=keep,LTO=Os,clock=12MHz_external	1.8.13	2318	190	0	false	0	0		0	
2021-04-04 23:44:58	176	176.155	https://travis-ci.org/MCUdude/MegaCore/jobs/765851260	push		false	master	5b3bec60f84e956968f3caa311f6282f1d0ffe5d	def9e2bd8b0f...5b3bec60f84e	Use EIND for devices with 256kiB	/home/travis/Arduino/hardware/MegaCore/avr/libraries/EEPROM/examples/eeprom_clear/eeprom_clear.ino	MegaCore:avr:can32:bootloader=no_bootloader,BOD=3v9,eeprom=keep,LTO=Os,clock=12MHz_external	1.8.13	916	6	0	false	0	0		0	
2021-04-04 23:45:02	176	176.155	https://travis-ci.org/MCUdude/MegaCore/jobs/765851260	push		false	master	5b3bec60f84e956968f3caa311f6282f1d0ffe5d	def9e2bd8b0f...5b3bec60f84e	Use EIND for devices with 256kiB	/home/travis/Arduino/hardware/MegaCore/avr/libraries/EEPROM/examples/eeprom_write/eeprom_write.ino	MegaCore:avr:can32:bootloader=no_bootloader,BOD=3v9,eeprom=keep,LTO=Os,clock=12MHz_external	1.8.13	956	10	0	false	0	0		0	
2021-04-04 23:45:05	176	176.155	https://travis-ci.org/MCUdude/MegaCore/jobs/765851260	push		false	master	5b3bec60f84e956968f3caa311f6282f1d0ffe5d	def9e2bd8b0f...5b3bec60f84e	Use EIND for devices with 256kiB	/home/travis/Arduino/hardware/MegaCore/avr/libraries/EEPROM/examples/eeprom_iteration/eeprom_iteration.ino	MegaCore:avr:can32:bootloader=no_bootloader,BOD=3v9,eeprom=keep,LTO=Os,clock=12MHz_external	1.8.13	664	6	0	false	0	0		0	
2021-04-04 23:45:08	176	176.155	https://travis-ci.org/MCUdude/MegaCore/jobs/765851260	push		false	master	5b3bec60f84e956968f3caa311f6282f1d0ffe5d	def9e2bd8b0f...5b3bec60f84e	Use EIND for devices with 256kiB	/home/travis/Arduino/hardware/MegaCore/avr/libraries/EEPROM/examples/eeprom_update/eeprom_update.ino	MegaCore:avr:can32:bootloader=no_bootloader,BOD=3v9,eeprom=keep,LTO=Os,clock=12MHz_external	1.8.13	1006	10	0	false	0	0		0	
2021-04-04 23:45:11	176	176.155	https://travis-ci.org/MCUdude/MegaCore/jobs/765851260	push		false	master	5b3bec60f84e956968f3caa311f6282f1d0ffe5d	def9e2bd8b0f...5b3bec60f84e	Use EIND for devices with 256kiB	/home/travis/Arduino/hardware/MegaCore/avr/libraries/EEPROM/examples/eeprom_put/eeprom_put.ino	MegaCore:avr:can32:bootloader=no_bootloader,BOD=3v9,eeprom=keep,LTO=Os,clock=12MHz_external	1.8.13	2128	327	0	false	0	0		0	
2021-04-04 23:45:14	176	176.155	https://travis-ci.org/MCUdude/MegaCore/jobs/765851260	push		false	master	5b3bec60f84e956968f3caa311f6282f1d0ffe5d	def9e2bd8b0f...5b3bec60f84e	Use EIND for devices with 256kiB	/home/travis/Arduino/hardware/MegaCore/avr/libraries/Optiboot_flasher/examples/Flash_put_get/Flash_put_get.ino	MegaCore:avr:can32:bootloader=no_bootloader,BOD=3v9,eeprom=keep,LTO=Os,clock=12MHz_external	1.8.13	6404	479	0	false	0	0		0	
2021-04-04 23:45:18	176	176.155	https://travis-ci.org/MCUdude/MegaCore/jobs/765851260	push		false	master	5b3bec60f84e956968f3caa311f6282f1d0ffe5d	def9e2bd8b0f...5b3bec60f84e	Use EIND for devices with 256kiB	/home/travis/Arduino/hardware/MegaCore/avr/libraries/Optiboot_flasher/examples/Read_write_without_buffer/Read_write_without_buffer.ino	MegaCore:avr:can32:bootloader=no_bootloader,BOD=3v9,eeprom=keep,LTO=Os,clock=12MHz_external	1.8.13	5390	188	0	false	0	0		0	
2021-04-04 23:45:21	176	176.155	https://travis-ci.org/MCUdude/MegaCore/jobs/765851260	push		false	master	5b3bec60f84e956968f3caa311f6282f1d0ffe5d	def9e2bd8b0f...5b3bec60f84e	Use EIND for devices with 256kiB	/home/travis/Arduino/hardware/MegaCore/avr/libraries/Optiboot_flasher/examples/Flash_iterate/Flash_iterate.ino	MegaCore:avr:can32:bootloader=no_bootloader,BOD=3v9,eeprom=keep,LTO=Os,clock=12MHz_external	1.8.13	4494	453	0	false	0	0		0	
2021-04-04 23:45:24	176	176.155	https://travis-ci.org/MCUdude/MegaCore/jobs/765851260	push		false	master	5b3bec60f84e956968f3caa311f6282f1d0ffe5d	def9e2bd8b0f...5b3bec60f84e	Use EIND for devices with 256kiB	/home/travis/Arduino/hardware/MegaCore/avr/libraries/Optiboot_flasher/examples/Serial_read_write/Serial_read_write.ino	MegaCore:avr:can32:bootloader=no_bootloader,BOD=3v9,eeprom=keep,LTO=Os,clock=12MHz_external	1.8.13	6986	446	0	false	0	0		0	
2021-04-04 23:45:27	176	176.155	https://travis-ci.org/MCUdude/MegaCore/jobs/765851260	push		false	master	5b3bec60f84e956968f3caa311f6282f1d0ffe5d	def9e2bd8b0f...5b3bec60f84e	Use EIND for devices with 256kiB	/home/travis/Arduino/hardware/MegaCore/avr/libraries/Timer/examples/Events/Events.ino	MegaCore:avr:can32:bootloader=no_bootloader,BOD=3v9,eeprom=keep,LTO=Os,clock=12MHz_external	1.8.13	3880	537	0	false	0	0		0	
2021-04-04 23:45:30	176	176.155	https://travis-ci.org/MCUdude/MegaCore/jobs/765851260	push		false	master	5b3bec60f84e956968f3caa311f6282f1d0ffe5d	def9e2bd8b0f...5b3bec60f84e	Use EIND for devices with 256kiB	/home/travis/Arduino/hardware/MegaCore/avr/libraries/Timer/examples/Pin_high_10_minutes/Pin_high_10_minutes.ino	MegaCore:avr:can32:bootloader=no_bootloader,BOD=3v9,eeprom=keep,LTO=Os,clock=12MHz_external	1.8.13	1586	202	1	false	0	0		0	
2021-04-04 23:45:34	176	176.155	https://travis-ci.org/MCUdude/MegaCore/jobs/765851260	push		false	master	5b3bec60f84e956968f3caa311f6282f1d0ffe5d	def9e2bd8b0f...5b3bec60f84e	Use EIND for devices with 256kiB	/home/travis/Arduino/hardware/MegaCore/avr/libraries/Timer/examples/Multitasking/Multitasking.ino	MegaCore:avr:can32:bootloader=no_bootloader,BOD=3v9,eeprom=keep,LTO=Os,clock=12MHz_external	1.8.13	3404	441	1	false	0	0		0	
2021-04-04 23:45:37	176	176.155	https://travis-ci.org/MCUdude/MegaCore/jobs/765851260	push		false	master	5b3bec60f84e956968f3caa311f6282f1d0ffe5d	def9e2bd8b0f...5b3bec60f84e	Use EIND for devices with 256kiB	/home/travis/Arduino/hardware/MegaCore/avr/libraries/Timer/examples/TimerTest/TimerTest.ino	MegaCore:avr:can32:bootloader=no_bootloader,BOD=3v9,eeprom=keep,LTO=Os,clock=12MHz_external	1.8.13	1550	200	0	false	0	0		0	
2021-04-04 23:45:40	176	176.155	https://travis-ci.org/MCUdude/MegaCore/jobs/765851260	push		false	master	5b3bec60f84e956968f3caa311f6282f1d0ffe5d	def9e2bd8b0f...5b3bec60f84e	Use EIND for devices with 256kiB	/home/travis/Arduino/hardware/MegaCore/avr/libraries/SPI/examples/BarometricPressureSensor/BarometricPressureSensor.ino	MegaCore:avr:can32:bootloader=no_bootloader,BOD=3v9,eeprom=keep,LTO=Os,clock=12MHz_external	1.8.13	6884	234	1	false	0	0		0	
2021-04-04 23:45:43	176	176.155	https://travis-ci.org/MCUdude/MegaCore/jobs/765851260	push		false	master	5b3bec60f84e956968f3caa311f6282f1d0ffe5d	def9e2bd8b0f...5b3bec60f84e	Use EIND for devices with 256kiB	/home/travis/Arduino/hardware/MegaCore/avr/libraries/SPI/examples/DigitalPotControl/DigitalPotControl.ino	MegaCore:avr:can32:bootloader=no_bootloader,BOD=3v9,eeprom=keep,LTO=Os,clock=12MHz_external	1.8.13	1578	7	0	false	0	0		0	
2021-04-04 23:45:47	176	176.155	https://travis-ci.org/MCUdude/MegaCore/jobs/765851260	push		false	master	5b3bec60f84e956968f3caa311f6282f1d0ffe5d	def9e2bd8b0f...5b3bec60f84e	Use EIND for devices with 256kiB	/home/travis/Arduino/hardware/MegaCore/avr/libraries/Wire/examples/i2c_scanner/i2c_scanner.ino	MegaCore:avr:can32:bootloader=no_bootloader,BOD=3v9,eeprom=keep,LTO=Os,clock=12MHz_external	1.8.13	4442	517	0	false	0	0		0	
2021-04-04 23:45:50	176	176.155	https://travis-ci.org/MCUdude/MegaCore/jobs/765851260	push		false	master	5b3bec60f84e956968f3caa311f6282f1d0ffe5d	def9e2bd8b0f...5b3bec60f84e	Use EIND for devices with 256kiB	/home/travis/Arduino/hardware/MegaCore/avr/libraries/Wire/examples/SFRRanger_reader/SFRRanger_reader.ino	MegaCore:avr:can32:bootloader=no_bootloader,BOD=3v9,eeprom=keep,LTO=Os,clock=12MHz_external	1.8.13	4716	401	0	false	0	0		0	
2021-04-04 23:45:53	176	176.155	https://travis-ci.org/MCUdude/MegaCore/jobs/765851260	push		false	master	5b3bec60f84e956968f3caa311f6282f1d0ffe5d	def9e2bd8b0f...5b3bec60f84e	Use EIND for devices with 256kiB	/home/travis/Arduino/hardware/MegaCore/avr/libraries/Wire/examples/master_writer/master_writer.ino	MegaCore:avr:can32:bootloader=no_bootloader,BOD=3v9,eeprom=keep,LTO=Os,clock=12MHz_external	1.8.13	2770	227	0	false	0	0		0	
2021-04-04 23:45:56	176	176.155	https://travis-ci.org/MCUdude/MegaCore/jobs/765851260	push		false	master	5b3bec60f84e956968f3caa311f6282f1d0ffe5d	def9e2bd8b0f...5b3bec60f84e	Use EIND for devices with 256kiB	/home/travis/Arduino/hardware/MegaCore/avr/libraries/Wire/examples/digital_potentiometer/digital_potentiometer.ino	MegaCore:avr:can32:bootloader=no_bootloader,BOD=3v9,eeprom=keep,LTO=Os,clock=12MHz_external	1.8.13	2768	221	0	false	0	0		0	
2021-04-04 23:46:00	176	176.155	https://travis-ci.org/MCUdude/MegaCore/jobs/765851260	push		false	master	5b3bec60f84e956968f3caa311f6282f1d0ffe5d	def9e2bd8b0f...5b3bec60f84e	Use EIND for devices with 256kiB	/home/travis/Arduino/hardware/MegaCore/avr/libraries/Wire/examples/slave_receiver/slave_receiver.ino	MegaCore:avr:can32:bootloader=no_bootloader,BOD=3v9,eeprom=keep,LTO=Os,clock=12MHz_external	1.8.13	4068	398	1	false	0	0		0	
2021-04-04 23:46:03	176	176.155	https://travis-ci.org/MCUdude/MegaCore/jobs/765851260	push		false	master	5b3bec60f84e956968f3caa311f6282f1d0ffe5d	def9e2bd8b0f...5b3bec60f84e	Use EIND for devices with 256kiB	/home/travis/Arduino/hardware/MegaCore/avr/libraries/Wire/examples/master_reader/master_reader.ino	MegaCore:avr:can32:bootloader=no_bootloader,BOD=3v9,eeprom=keep,LTO=Os,clock=12MHz_external	1.8.13	4200	395	0	false	0	0		0	
2021-04-04 23:46:06	176	176.155	https://travis-ci.org/MCUdude/MegaCore/jobs/765851260	push		false	master	5b3bec60f84e956968f3caa311f6282f1d0ffe5d	def9e2bd8b0f...5b3bec60f84e	Use EIND for devices with 256kiB	/home/travis/Arduino/hardware/MegaCore/avr/libraries/Wire/examples/slave_sender/slave_sender.ino	MegaCore:avr:can32:bootloader=no_bootloader,BOD=3v9,eeprom=keep,LTO=Os,clock=12MHz_external	1.8.13	2542	227	0	false	0	0		0	
