Build Timestamp (UTC)	Build	Job	Job URL	Build Trigger	Allow Job Failure	PR#	Branch	Commit	Commit Range	Commit Message	Sketch Filename	Board ID	IDE Version	Program Storage (bytes)	Dynamic Memory (bytes)	# Warnings	Allow Failure	Exit Status	# Board Issues	Board Issue	# Library Issues	Library Issue
2020-05-06 06:43:26	135	135.23	https://travis-ci.org/MCUdude/MegaCore/jobs/683691850	push		false	master	92ec97338d287278e6f0fc67e846a1863bade4bd	6038cf6c29d9...92ec97338d28	Update corefiles	/home/travis/Arduino/hardware/MegaCore/avr/libraries/Ethernet/examples/UDPSendReceiveString/UDPSendReceiveString.ino	MegaCore:avr:640:bootloader=uart0,pinout=mega_pinout,BOD=2v7,LTO=Os,clock=1MHz_internal	1.6.7	12672	643	0	false	0	0		0	
2020-05-06 06:43:31	135	135.23	https://travis-ci.org/MCUdude/MegaCore/jobs/683691850	push		false	master	92ec97338d287278e6f0fc67e846a1863bade4bd	6038cf6c29d9...92ec97338d28	Update corefiles	/home/travis/Arduino/hardware/MegaCore/avr/libraries/Ethernet/examples/TwitterClient/TwitterClient.ino	MegaCore:avr:640:bootloader=uart0,pinout=mega_pinout,BOD=2v7,LTO=Os,clock=1MHz_internal	1.6.7	19944	912	0	false	0	0		0	
2020-05-06 06:43:51	135	135.23	https://travis-ci.org/MCUdude/MegaCore/jobs/683691850	push		false	master	92ec97338d287278e6f0fc67e846a1863bade4bd	6038cf6c29d9...92ec97338d28	Update corefiles	/home/travis/Arduino/hardware/MegaCore/avr/libraries/Ethernet/examples/WebClientRepeating/WebClientRepeating.ino	MegaCore:avr:640:bootloader=uart0,pinout=mega_pinout,BOD=2v7,LTO=Os,clock=1MHz_internal	1.6.7	18248	957	0	false	0	0		0	
2020-05-06 06:43:56	135	135.23	https://travis-ci.org/MCUdude/MegaCore/jobs/683691850	push		false	master	92ec97338d287278e6f0fc67e846a1863bade4bd	6038cf6c29d9...92ec97338d28	Update corefiles	/home/travis/Arduino/hardware/MegaCore/avr/libraries/Ethernet/examples/UdpNtpClient/UdpNtpClient.ino	MegaCore:avr:640:bootloader=uart0,pinout=mega_pinout,BOD=2v7,LTO=Os,clock=1MHz_internal	1.6.7	15992	823	0	false	0	0		0	
2020-05-06 06:44:01	135	135.23	https://travis-ci.org/MCUdude/MegaCore/jobs/683691850	push		false	master	92ec97338d287278e6f0fc67e846a1863bade4bd	6038cf6c29d9...92ec97338d28	Update corefiles	/home/travis/Arduino/hardware/MegaCore/avr/libraries/Ethernet/examples/WebClient/WebClient.ino	MegaCore:avr:640:bootloader=uart0,pinout=mega_pinout,BOD=2v7,LTO=Os,clock=1MHz_internal	1.6.7	20240	1007	0	false	0	0		0	
2020-05-06 06:44:07	135	135.23	https://travis-ci.org/MCUdude/MegaCore/jobs/683691850	push		false	master	92ec97338d287278e6f0fc67e846a1863bade4bd	6038cf6c29d9...92ec97338d28	Update corefiles	/home/travis/Arduino/hardware/MegaCore/avr/libraries/Ethernet/examples/ChatServer/ChatServer.ino	MegaCore:avr:640:bootloader=uart0,pinout=mega_pinout,BOD=2v7,LTO=Os,clock=1MHz_internal	1.6.7	15000	673	0	false	0	0		0	
2020-05-06 06:44:12	135	135.23	https://travis-ci.org/MCUdude/MegaCore/jobs/683691850	push		false	master	92ec97338d287278e6f0fc67e846a1863bade4bd	6038cf6c29d9...92ec97338d28	Update corefiles	/home/travis/Arduino/hardware/MegaCore/avr/libraries/Ethernet/examples/DhcpAddressPrinter/DhcpAddressPrinter.ino	MegaCore:avr:640:bootloader=uart0,pinout=mega_pinout,BOD=2v7,LTO=Os,clock=1MHz_internal	1.6.7	15688	790	0	false	0	0		0	
2020-05-06 06:44:17	135	135.23	https://travis-ci.org/MCUdude/MegaCore/jobs/683691850	push		false	master	92ec97338d287278e6f0fc67e846a1863bade4bd	6038cf6c29d9...92ec97338d28	Update corefiles	/home/travis/Arduino/hardware/MegaCore/avr/libraries/Ethernet/examples/XivelyClient/XivelyClient.ino	MegaCore:avr:640:bootloader=uart0,pinout=mega_pinout,BOD=2v7,LTO=Os,clock=1MHz_internal	1.6.7	18582	872	0	false	0	0		0	
2020-05-06 06:44:23	135	135.23	https://travis-ci.org/MCUdude/MegaCore/jobs/683691850	push		false	master	92ec97338d287278e6f0fc67e846a1863bade4bd	6038cf6c29d9...92ec97338d28	Update corefiles	/home/travis/Arduino/hardware/MegaCore/avr/libraries/Ethernet/examples/XivelyClientString/XivelyClientString.ino	MegaCore:avr:640:bootloader=uart0,pinout=mega_pinout,BOD=2v7,LTO=Os,clock=1MHz_internal	1.6.7	20414	892	0	false	0	0		0	
2020-05-06 06:44:28	135	135.23	https://travis-ci.org/MCUdude/MegaCore/jobs/683691850	push		false	master	92ec97338d287278e6f0fc67e846a1863bade4bd	6038cf6c29d9...92ec97338d28	Update corefiles	/home/travis/Arduino/hardware/MegaCore/avr/libraries/Ethernet/examples/LinkStatus/LinkStatus.ino	MegaCore:avr:640:bootloader=uart0,pinout=mega_pinout,BOD=2v7,LTO=Os,clock=1MHz_internal	1.6.7	5512	316	0	false	0	0		0	
2020-05-06 06:44:33	135	135.23	https://travis-ci.org/MCUdude/MegaCore/jobs/683691850	push		false	master	92ec97338d287278e6f0fc67e846a1863bade4bd	6038cf6c29d9...92ec97338d28	Update corefiles	/home/travis/Arduino/hardware/MegaCore/avr/libraries/Ethernet/examples/BarometricPressureWebServer/BarometricPressureWebServer.ino	MegaCore:avr:640:bootloader=uart0,pinout=mega_pinout,BOD=2v7,LTO=Os,clock=1MHz_internal	1.6.7	19504	734	2	false	0	0		0	
2020-05-06 06:44:39	135	135.23	https://travis-ci.org/MCUdude/MegaCore/jobs/683691850	push		false	master	92ec97338d287278e6f0fc67e846a1863bade4bd	6038cf6c29d9...92ec97338d28	Update corefiles	/home/travis/Arduino/hardware/MegaCore/avr/libraries/Ethernet/examples/DhcpChatServer/DhcpChatServer.ino	MegaCore:avr:640:bootloader=uart0,pinout=mega_pinout,BOD=2v7,LTO=Os,clock=1MHz_internal	1.6.7	19042	857	0	false	0	0		0	
2020-05-06 06:44:44	135	135.23	https://travis-ci.org/MCUdude/MegaCore/jobs/683691850	push		false	master	92ec97338d287278e6f0fc67e846a1863bade4bd	6038cf6c29d9...92ec97338d28	Update corefiles	/home/travis/Arduino/hardware/MegaCore/avr/libraries/Ethernet/examples/WebServer/WebServer.ino	MegaCore:avr:640:bootloader=uart0,pinout=mega_pinout,BOD=2v7,LTO=Os,clock=1MHz_internal	1.6.7	15968	796	0	false	0	0		0	
2020-05-06 06:44:49	135	135.23	https://travis-ci.org/MCUdude/MegaCore/jobs/683691850	push		false	master	92ec97338d287278e6f0fc67e846a1863bade4bd	6038cf6c29d9...92ec97338d28	Update corefiles	/home/travis/Arduino/hardware/MegaCore/avr/libraries/Ethernet/examples/TelnetClient/TelnetClient.ino	MegaCore:avr:640:bootloader=uart0,pinout=mega_pinout,BOD=2v7,LTO=Os,clock=1MHz_internal	1.6.7	14522	653	0	false	0	0		0	
2020-05-06 06:44:55	135	135.23	https://travis-ci.org/MCUdude/MegaCore/jobs/683691850	push		false	master	92ec97338d287278e6f0fc67e846a1863bade4bd	6038cf6c29d9...92ec97338d28	Update corefiles	/home/travis/Arduino/hardware/MegaCore/avr/libraries/Ethernet/examples/PachubeClient/PachubeClient.ino	MegaCore:avr:640:bootloader=uart0,pinout=mega_pinout,BOD=2v7,LTO=Os,clock=1MHz_internal	1.6.7	18584	874	0	false	0	0		0	
2020-05-06 06:45:00	135	135.23	https://travis-ci.org/MCUdude/MegaCore/jobs/683691850	push		false	master	92ec97338d287278e6f0fc67e846a1863bade4bd	6038cf6c29d9...92ec97338d28	Update corefiles	/home/travis/Arduino/hardware/MegaCore/avr/libraries/Ethernet/examples/PachubeClientString/PachubeClientString.ino	MegaCore:avr:640:bootloader=uart0,pinout=mega_pinout,BOD=2v7,LTO=Os,clock=1MHz_internal	1.6.7	20416	894	0	false	0	0		0	
2020-05-06 06:45:05	135	135.23	https://travis-ci.org/MCUdude/MegaCore/jobs/683691850	push		false	master	92ec97338d287278e6f0fc67e846a1863bade4bd	6038cf6c29d9...92ec97338d28	Update corefiles	/home/travis/Arduino/hardware/MegaCore/avr/libraries/Ethernet/examples/AdvancedChatServer/AdvancedChatServer.ino	MegaCore:avr:640:bootloader=uart0,pinout=mega_pinout,BOD=2v7,LTO=Os,clock=1MHz_internal	1.6.7	15788	822	0	false	0	0		0	
2020-05-06 06:45:10	135	135.23	https://travis-ci.org/MCUdude/MegaCore/jobs/683691850	push		false	master	92ec97338d287278e6f0fc67e846a1863bade4bd	6038cf6c29d9...92ec97338d28	Update corefiles	/home/travis/Arduino/hardware/MegaCore/avr/libraries/AVR_examples/examples/Blink_using_Timer0/Blink_using_Timer0.ino	MegaCore:avr:640:bootloader=uart0,pinout=mega_pinout,BOD=2v7,LTO=Os,clock=1MHz_internal	1.6.7	366	3	0	false	0	0		0	
2020-05-06 06:45:14	135	135.23	https://travis-ci.org/MCUdude/MegaCore/jobs/683691850	push		false	master	92ec97338d287278e6f0fc67e846a1863bade4bd	6038cf6c29d9...92ec97338d28	Update corefiles	/home/travis/Arduino/hardware/MegaCore/avr/libraries/AVR_examples/examples/Read_port_write_port/Read_port_write_port.ino	MegaCore:avr:640:bootloader=uart0,pinout=mega_pinout,BOD=2v7,LTO=Os,clock=1MHz_internal	1.6.7	268	0	0	false	0	0		0	
2020-05-06 06:45:18	135	135.23	https://travis-ci.org/MCUdude/MegaCore/jobs/683691850	push		false	master	92ec97338d287278e6f0fc67e846a1863bade4bd	6038cf6c29d9...92ec97338d28	Update corefiles	/home/travis/Arduino/hardware/MegaCore/avr/libraries/AVR_examples/examples/Measure_period_length/Measure_period_length.ino	MegaCore:avr:640:bootloader=uart0,pinout=mega_pinout,BOD=2v7,LTO=Os,clock=1MHz_internal	1.6.7	2024	202	0	false	0	0		0	
2020-05-06 06:45:23	135	135.23	https://travis-ci.org/MCUdude/MegaCore/jobs/683691850	push		false	master	92ec97338d287278e6f0fc67e846a1863bade4bd	6038cf6c29d9...92ec97338d28	Update corefiles	/home/travis/Arduino/hardware/MegaCore/avr/libraries/AVR_examples/examples/Watch_dog_timer/Watch_dog_timer.ino	MegaCore:avr:640:bootloader=uart0,pinout=mega_pinout,BOD=2v7,LTO=Os,clock=1MHz_internal	1.6.7	360	2	0	false	0	0		0	
2020-05-06 06:45:27	135	135.23	https://travis-ci.org/MCUdude/MegaCore/jobs/683691850	push		false	master	92ec97338d287278e6f0fc67e846a1863bade4bd	6038cf6c29d9...92ec97338d28	Update corefiles	/home/travis/Arduino/hardware/MegaCore/avr/libraries/AVR_examples/examples/Blink/Blink.ino	MegaCore:avr:640:bootloader=uart0,pinout=mega_pinout,BOD=2v7,LTO=Os,clock=1MHz_internal	1.6.7	300	0	0	false	0	0		0	
2020-05-06 06:45:32	135	135.23	https://travis-ci.org/MCUdude/MegaCore/jobs/683691850	push		false	master	92ec97338d287278e6f0fc67e846a1863bade4bd	6038cf6c29d9...92ec97338d28	Update corefiles	/home/travis/Arduino/hardware/MegaCore/avr/libraries/SD/examples/Datalogger/Datalogger.ino	MegaCore:avr:640:bootloader=uart0,pinout=mega_pinout,BOD=2v7,LTO=Os,clock=1MHz_internal	1.6.7	14686	945	5	false	0	0		0	
2020-05-06 06:45:37	135	135.23	https://travis-ci.org/MCUdude/MegaCore/jobs/683691850	push		false	master	92ec97338d287278e6f0fc67e846a1863bade4bd	6038cf6c29d9...92ec97338d28	Update corefiles	/home/travis/Arduino/hardware/MegaCore/avr/libraries/SD/examples/CardInfo/CardInfo.ino	MegaCore:avr:640:bootloader=uart0,pinout=mega_pinout,BOD=2v7,LTO=Os,clock=1MHz_internal	1.6.7	12144	1370	5	false	0	0		0	
2020-05-06 06:45:42	135	135.23	https://travis-ci.org/MCUdude/MegaCore/jobs/683691850	push		false	master	92ec97338d287278e6f0fc67e846a1863bade4bd	6038cf6c29d9...92ec97338d28	Update corefiles	/home/travis/Arduino/hardware/MegaCore/avr/libraries/SD/examples/ReadWrite/ReadWrite.ino	MegaCore:avr:640:bootloader=uart0,pinout=mega_pinout,BOD=2v7,LTO=Os,clock=1MHz_internal	1.6.7	13574	1014	5	false	0	0		0	
2020-05-06 06:45:47	135	135.23	https://travis-ci.org/MCUdude/MegaCore/jobs/683691850	push		false	master	92ec97338d287278e6f0fc67e846a1863bade4bd	6038cf6c29d9...92ec97338d28	Update corefiles	/home/travis/Arduino/hardware/MegaCore/avr/libraries/SD/examples/listfiles/listfiles.ino	MegaCore:avr:640:bootloader=uart0,pinout=mega_pinout,BOD=2v7,LTO=Os,clock=1MHz_internal	1.6.7	14308	950	5	false	0	0		0	
2020-05-06 06:45:53	135	135.23	https://travis-ci.org/MCUdude/MegaCore/jobs/683691850	push		false	master	92ec97338d287278e6f0fc67e846a1863bade4bd	6038cf6c29d9...92ec97338d28	Update corefiles	/home/travis/Arduino/hardware/MegaCore/avr/libraries/SD/examples/DumpFile/DumpFile.ino	MegaCore:avr:640:bootloader=uart0,pinout=mega_pinout,BOD=2v7,LTO=Os,clock=1MHz_internal	1.6.7	13248	943	5	false	0	0		0	
2020-05-06 06:45:57	135	135.23	https://travis-ci.org/MCUdude/MegaCore/jobs/683691850	push		false	master	92ec97338d287278e6f0fc67e846a1863bade4bd	6038cf6c29d9...92ec97338d28	Update corefiles	/home/travis/Arduino/hardware/MegaCore/avr/libraries/SD/examples/Files/Files.ino	MegaCore:avr:640:bootloader=uart0,pinout=mega_pinout,BOD=2v7,LTO=Os,clock=1MHz_internal	1.6.7	14164	1048	5	false	0	0		0	
2020-05-06 06:46:02	135	135.23	https://travis-ci.org/MCUdude/MegaCore/jobs/683691850	push		false	master	92ec97338d287278e6f0fc67e846a1863bade4bd	6038cf6c29d9...92ec97338d28	Update corefiles	/home/travis/Arduino/hardware/MegaCore/avr/libraries/SoftwareSerial/examples/SoftwareSerialExample/SoftwareSerialExample.ino	MegaCore:avr:640:bootloader=uart0,pinout=mega_pinout,BOD=2v7,LTO=Os,clock=1MHz_internal	1.6.7	5774	363	0	false	0	0		0	
2020-05-06 06:46:06	135	135.23	https://travis-ci.org/MCUdude/MegaCore/jobs/683691850	push		false	master	92ec97338d287278e6f0fc67e846a1863bade4bd	6038cf6c29d9...92ec97338d28	Update corefiles	/home/travis/Arduino/hardware/MegaCore/avr/libraries/SoftwareSerial/examples/TwoPortReceive/TwoPortReceive.ino	MegaCore:avr:640:bootloader=uart0,pinout=mega_pinout,BOD=2v7,LTO=Os,clock=1MHz_internal	1.6.7	5874	404	0	false	0	0		0	
2020-05-06 06:46:10	135	135.23	https://travis-ci.org/MCUdude/MegaCore/jobs/683691850	push		false	master	92ec97338d287278e6f0fc67e846a1863bade4bd	6038cf6c29d9...92ec97338d28	Update corefiles	/home/travis/Arduino/hardware/MegaCore/avr/libraries/Servo/examples/Knob/Knob.ino	MegaCore:avr:640:bootloader=uart0,pinout=mega_pinout,BOD=2v7,LTO=Os,clock=1MHz_internal	1.6.7	3702	171	0	false	0	0		0	
2020-05-06 06:46:15	135	135.23	https://travis-ci.org/MCUdude/MegaCore/jobs/683691850	push		false	master	92ec97338d287278e6f0fc67e846a1863bade4bd	6038cf6c29d9...92ec97338d28	Update corefiles	/home/travis/Arduino/hardware/MegaCore/avr/libraries/Servo/examples/Sweep/Sweep.ino	MegaCore:avr:640:bootloader=uart0,pinout=mega_pinout,BOD=2v7,LTO=Os,clock=1MHz_internal	1.6.7	3606	167	0	false	0	0		0	
2020-05-06 06:46:19	135	135.23	https://travis-ci.org/MCUdude/MegaCore/jobs/683691850	push		false	master	92ec97338d287278e6f0fc67e846a1863bade4bd	6038cf6c29d9...92ec97338d28	Update corefiles	/home/travis/Arduino/hardware/MegaCore/avr/libraries/EEPROM/examples/eeprom_get/eeprom_get.ino	MegaCore:avr:640:bootloader=uart0,pinout=mega_pinout,BOD=2v7,LTO=Os,clock=1MHz_internal	1.6.7	4224	258	0	false	0	0		0	
2020-05-06 06:46:23	135	135.23	https://travis-ci.org/MCUdude/MegaCore/jobs/683691850	push		false	master	92ec97338d287278e6f0fc67e846a1863bade4bd	6038cf6c29d9...92ec97338d28	Update corefiles	/home/travis/Arduino/hardware/MegaCore/avr/libraries/EEPROM/examples/eeprom_crc/eeprom_crc.ino	MegaCore:avr:640:bootloader=uart0,pinout=mega_pinout,BOD=2v7,LTO=Os,clock=1MHz_internal	1.6.7	2828	312	0	false	0	0		0	
2020-05-06 06:46:28	135	135.23	https://travis-ci.org/MCUdude/MegaCore/jobs/683691850	push		false	master	92ec97338d287278e6f0fc67e846a1863bade4bd	6038cf6c29d9...92ec97338d28	Update corefiles	/home/travis/Arduino/hardware/MegaCore/avr/libraries/EEPROM/examples/eeprom_read/eeprom_read.ino	MegaCore:avr:640:bootloader=uart0,pinout=mega_pinout,BOD=2v7,LTO=Os,clock=1MHz_internal	1.6.7	2592	205	0	false	0	0		0	
2020-05-06 06:46:32	135	135.23	https://travis-ci.org/MCUdude/MegaCore/jobs/683691850	push		false	master	92ec97338d287278e6f0fc67e846a1863bade4bd	6038cf6c29d9...92ec97338d28	Update corefiles	/home/travis/Arduino/hardware/MegaCore/avr/libraries/EEPROM/examples/eeprom_clear/eeprom_clear.ino	MegaCore:avr:640:bootloader=uart0,pinout=mega_pinout,BOD=2v7,LTO=Os,clock=1MHz_internal	1.6.7	1318	9	0	false	0	0		0	
2020-05-06 06:46:36	135	135.23	https://travis-ci.org/MCUdude/MegaCore/jobs/683691850	push		false	master	92ec97338d287278e6f0fc67e846a1863bade4bd	6038cf6c29d9...92ec97338d28	Update corefiles	/home/travis/Arduino/hardware/MegaCore/avr/libraries/EEPROM/examples/eeprom_write/eeprom_write.ino	MegaCore:avr:640:bootloader=uart0,pinout=mega_pinout,BOD=2v7,LTO=Os,clock=1MHz_internal	1.6.7	1046	13	0	false	0	0		0	
2020-05-06 06:46:40	135	135.23	https://travis-ci.org/MCUdude/MegaCore/jobs/683691850	push		false	master	92ec97338d287278e6f0fc67e846a1863bade4bd	6038cf6c29d9...92ec97338d28	Update corefiles	/home/travis/Arduino/hardware/MegaCore/avr/libraries/EEPROM/examples/eeprom_iteration/eeprom_iteration.ino	MegaCore:avr:640:bootloader=uart0,pinout=mega_pinout,BOD=2v7,LTO=Os,clock=1MHz_internal	1.6.7	868	9	0	false	0	0		0	
2020-05-06 06:46:44	135	135.23	https://travis-ci.org/MCUdude/MegaCore/jobs/683691850	push		false	master	92ec97338d287278e6f0fc67e846a1863bade4bd	6038cf6c29d9...92ec97338d28	Update corefiles	/home/travis/Arduino/hardware/MegaCore/avr/libraries/EEPROM/examples/eeprom_update/eeprom_update.ino	MegaCore:avr:640:bootloader=uart0,pinout=mega_pinout,BOD=2v7,LTO=Os,clock=1MHz_internal	1.6.7	1096	13	0	false	0	0		0	
2020-05-06 06:46:48	135	135.23	https://travis-ci.org/MCUdude/MegaCore/jobs/683691850	push		false	master	92ec97338d287278e6f0fc67e846a1863bade4bd	6038cf6c29d9...92ec97338d28	Update corefiles	/home/travis/Arduino/hardware/MegaCore/avr/libraries/EEPROM/examples/eeprom_put/eeprom_put.ino	MegaCore:avr:640:bootloader=uart0,pinout=mega_pinout,BOD=2v7,LTO=Os,clock=1MHz_internal	1.6.7	2526	342	0	false	0	0		0	
2020-05-06 06:46:53	135	135.23	https://travis-ci.org/MCUdude/MegaCore/jobs/683691850	push		false	master	92ec97338d287278e6f0fc67e846a1863bade4bd	6038cf6c29d9...92ec97338d28	Update corefiles	/home/travis/Arduino/hardware/MegaCore/avr/libraries/Optiboot_flasher/examples/SerialReadWrite/SerialReadWrite.ino	MegaCore:avr:640:bootloader=uart0,pinout=mega_pinout,BOD=2v7,LTO=Os,clock=1MHz_internal	1.6.7	8136	467	0	false	0	0		0	
2020-05-06 06:46:57	135	135.23	https://travis-ci.org/MCUdude/MegaCore/jobs/683691850	push		false	master	92ec97338d287278e6f0fc67e846a1863bade4bd	6038cf6c29d9...92ec97338d28	Update corefiles	/home/travis/Arduino/hardware/MegaCore/avr/libraries/Timer/examples/Events/Events.ino	MegaCore:avr:640:bootloader=uart0,pinout=mega_pinout,BOD=2v7,LTO=Os,clock=1MHz_internal	1.6.7	4550	552	0	false	0	0		0	
2020-05-06 06:47:02	135	135.23	https://travis-ci.org/MCUdude/MegaCore/jobs/683691850	push		false	master	92ec97338d287278e6f0fc67e846a1863bade4bd	6038cf6c29d9...92ec97338d28	Update corefiles	/home/travis/Arduino/hardware/MegaCore/avr/libraries/Timer/examples/Pin_high_10_minutes/Pin_high_10_minutes.ino	MegaCore:avr:640:bootloader=uart0,pinout=mega_pinout,BOD=2v7,LTO=Os,clock=1MHz_internal	1.6.7	2014	205	1	false	0	0		0	
2020-05-06 06:47:06	135	135.23	https://travis-ci.org/MCUdude/MegaCore/jobs/683691850	push		false	master	92ec97338d287278e6f0fc67e846a1863bade4bd	6038cf6c29d9...92ec97338d28	Update corefiles	/home/travis/Arduino/hardware/MegaCore/avr/libraries/Timer/examples/Multitasking/Multitasking.ino	MegaCore:avr:640:bootloader=uart0,pinout=mega_pinout,BOD=2v7,LTO=Os,clock=1MHz_internal	1.6.7	4066	456	1	false	0	0		0	
2020-05-06 06:47:10	135	135.23	https://travis-ci.org/MCUdude/MegaCore/jobs/683691850	push		false	master	92ec97338d287278e6f0fc67e846a1863bade4bd	6038cf6c29d9...92ec97338d28	Update corefiles	/home/travis/Arduino/hardware/MegaCore/avr/libraries/Timer/examples/TimerTest/TimerTest.ino	MegaCore:avr:640:bootloader=uart0,pinout=mega_pinout,BOD=2v7,LTO=Os,clock=1MHz_internal	1.6.7	1980	203	0	false	0	0		0	
2020-05-06 06:47:15	135	135.23	https://travis-ci.org/MCUdude/MegaCore/jobs/683691850	push		false	master	92ec97338d287278e6f0fc67e846a1863bade4bd	6038cf6c29d9...92ec97338d28	Update corefiles	/home/travis/Arduino/hardware/MegaCore/avr/libraries/SPI/examples/BarometricPressureSensor/BarometricPressureSensor.ino	MegaCore:avr:640:bootloader=uart0,pinout=mega_pinout,BOD=2v7,LTO=Os,clock=1MHz_internal	1.6.7	7346	237	1	false	0	0		0	
2020-05-06 06:47:19	135	135.23	https://travis-ci.org/MCUdude/MegaCore/jobs/683691850	push		false	master	92ec97338d287278e6f0fc67e846a1863bade4bd	6038cf6c29d9...92ec97338d28	Update corefiles	/home/travis/Arduino/hardware/MegaCore/avr/libraries/SPI/examples/DigitalPotControl/DigitalPotControl.ino	MegaCore:avr:640:bootloader=uart0,pinout=mega_pinout,BOD=2v7,LTO=Os,clock=1MHz_internal	1.6.7	1880	10	0	false	0	0		0	
2020-05-06 06:47:23	135	135.23	https://travis-ci.org/MCUdude/MegaCore/jobs/683691850	push		false	master	92ec97338d287278e6f0fc67e846a1863bade4bd	6038cf6c29d9...92ec97338d28	Update corefiles	/home/travis/Arduino/hardware/MegaCore/avr/libraries/Wire/examples/i2c_scanner/i2c_scanner.ino	MegaCore:avr:640:bootloader=uart0,pinout=mega_pinout,BOD=2v7,LTO=Os,clock=1MHz_internal	1.6.7	4950	532	2	false	0	0		0	
2020-05-06 06:47:28	135	135.23	https://travis-ci.org/MCUdude/MegaCore/jobs/683691850	push		false	master	92ec97338d287278e6f0fc67e846a1863bade4bd	6038cf6c29d9...92ec97338d28	Update corefiles	/home/travis/Arduino/hardware/MegaCore/avr/libraries/Wire/examples/SFRRanger_reader/SFRRanger_reader.ino	MegaCore:avr:640:bootloader=uart0,pinout=mega_pinout,BOD=2v7,LTO=Os,clock=1MHz_internal	1.6.7	5228	416	2	false	0	0		0	
2020-05-06 06:47:32	135	135.23	https://travis-ci.org/MCUdude/MegaCore/jobs/683691850	push		false	master	92ec97338d287278e6f0fc67e846a1863bade4bd	6038cf6c29d9...92ec97338d28	Update corefiles	/home/travis/Arduino/hardware/MegaCore/avr/libraries/Wire/examples/master_writer/master_writer.ino	MegaCore:avr:640:bootloader=uart0,pinout=mega_pinout,BOD=2v7,LTO=Os,clock=1MHz_internal	1.6.7	3080	230	2	false	0	0		0	
2020-05-06 06:47:37	135	135.23	https://travis-ci.org/MCUdude/MegaCore/jobs/683691850	push		false	master	92ec97338d287278e6f0fc67e846a1863bade4bd	6038cf6c29d9...92ec97338d28	Update corefiles	/home/travis/Arduino/hardware/MegaCore/avr/libraries/Wire/examples/digital_potentiometer/digital_potentiometer.ino	MegaCore:avr:640:bootloader=uart0,pinout=mega_pinout,BOD=2v7,LTO=Os,clock=1MHz_internal	1.6.7	3066	224	2	false	0	0		0	
2020-05-06 06:47:41	135	135.23	https://travis-ci.org/MCUdude/MegaCore/jobs/683691850	push		false	master	92ec97338d287278e6f0fc67e846a1863bade4bd	6038cf6c29d9...92ec97338d28	Update corefiles	/home/travis/Arduino/hardware/MegaCore/avr/libraries/Wire/examples/slave_receiver/slave_receiver.ino	MegaCore:avr:640:bootloader=uart0,pinout=mega_pinout,BOD=2v7,LTO=Os,clock=1MHz_internal	1.6.7	4598	413	3	false	0	0		0	
2020-05-06 06:47:45	135	135.23	https://travis-ci.org/MCUdude/MegaCore/jobs/683691850	push		false	master	92ec97338d287278e6f0fc67e846a1863bade4bd	6038cf6c29d9...92ec97338d28	Update corefiles	/home/travis/Arduino/hardware/MegaCore/avr/libraries/Wire/examples/master_reader/master_reader.ino	MegaCore:avr:640:bootloader=uart0,pinout=mega_pinout,BOD=2v7,LTO=Os,clock=1MHz_internal	1.6.7	4678	398	2	false	0	0		0	
2020-05-06 06:47:50	135	135.23	https://travis-ci.org/MCUdude/MegaCore/jobs/683691850	push		false	master	92ec97338d287278e6f0fc67e846a1863bade4bd	6038cf6c29d9...92ec97338d28	Update corefiles	/home/travis/Arduino/hardware/MegaCore/avr/libraries/Wire/examples/slave_sender/slave_sender.ino	MegaCore:avr:640:bootloader=uart0,pinout=mega_pinout,BOD=2v7,LTO=Os,clock=1MHz_internal	1.6.7	2866	230	2	false	0	0		0	
2020-05-06 06:47:57	135	135.23	https://travis-ci.org/MCUdude/MegaCore/jobs/683691850	push		false	master	92ec97338d287278e6f0fc67e846a1863bade4bd	6038cf6c29d9...92ec97338d28	Update corefiles	/home/travis/Arduino/hardware/MegaCore/avr/libraries/Ethernet/examples/UDPSendReceiveString/UDPSendReceiveString.ino	MegaCore:avr:640:bootloader=uart0,pinout=mega_pinout,BOD=2v7,LTO=Os,clock=1MHz_internal	1.6.9	12672	643	0	false	0	0		0	
2020-05-06 06:48:03	135	135.23	https://travis-ci.org/MCUdude/MegaCore/jobs/683691850	push		false	master	92ec97338d287278e6f0fc67e846a1863bade4bd	6038cf6c29d9...92ec97338d28	Update corefiles	/home/travis/Arduino/hardware/MegaCore/avr/libraries/Ethernet/examples/TwitterClient/TwitterClient.ino	MegaCore:avr:640:bootloader=uart0,pinout=mega_pinout,BOD=2v7,LTO=Os,clock=1MHz_internal	1.6.9	19944	912	0	false	0	0		0	
2020-05-06 06:48:08	135	135.23	https://travis-ci.org/MCUdude/MegaCore/jobs/683691850	push		false	master	92ec97338d287278e6f0fc67e846a1863bade4bd	6038cf6c29d9...92ec97338d28	Update corefiles	/home/travis/Arduino/hardware/MegaCore/avr/libraries/Ethernet/examples/WebClientRepeating/WebClientRepeating.ino	MegaCore:avr:640:bootloader=uart0,pinout=mega_pinout,BOD=2v7,LTO=Os,clock=1MHz_internal	1.6.9	18248	957	0	false	0	0		0	
2020-05-06 06:48:14	135	135.23	https://travis-ci.org/MCUdude/MegaCore/jobs/683691850	push		false	master	92ec97338d287278e6f0fc67e846a1863bade4bd	6038cf6c29d9...92ec97338d28	Update corefiles	/home/travis/Arduino/hardware/MegaCore/avr/libraries/Ethernet/examples/UdpNtpClient/UdpNtpClient.ino	MegaCore:avr:640:bootloader=uart0,pinout=mega_pinout,BOD=2v7,LTO=Os,clock=1MHz_internal	1.6.9	15992	823	0	false	0	0		0	
2020-05-06 06:48:20	135	135.23	https://travis-ci.org/MCUdude/MegaCore/jobs/683691850	push		false	master	92ec97338d287278e6f0fc67e846a1863bade4bd	6038cf6c29d9...92ec97338d28	Update corefiles	/home/travis/Arduino/hardware/MegaCore/avr/libraries/Ethernet/examples/WebClient/WebClient.ino	MegaCore:avr:640:bootloader=uart0,pinout=mega_pinout,BOD=2v7,LTO=Os,clock=1MHz_internal	1.6.9	20240	1007	0	false	0	0		0	
2020-05-06 06:48:25	135	135.23	https://travis-ci.org/MCUdude/MegaCore/jobs/683691850	push		false	master	92ec97338d287278e6f0fc67e846a1863bade4bd	6038cf6c29d9...92ec97338d28	Update corefiles	/home/travis/Arduino/hardware/MegaCore/avr/libraries/Ethernet/examples/ChatServer/ChatServer.ino	MegaCore:avr:640:bootloader=uart0,pinout=mega_pinout,BOD=2v7,LTO=Os,clock=1MHz_internal	1.6.9	15000	673	0	false	0	0		0	
2020-05-06 06:48:31	135	135.23	https://travis-ci.org/MCUdude/MegaCore/jobs/683691850	push		false	master	92ec97338d287278e6f0fc67e846a1863bade4bd	6038cf6c29d9...92ec97338d28	Update corefiles	/home/travis/Arduino/hardware/MegaCore/avr/libraries/Ethernet/examples/DhcpAddressPrinter/DhcpAddressPrinter.ino	MegaCore:avr:640:bootloader=uart0,pinout=mega_pinout,BOD=2v7,LTO=Os,clock=1MHz_internal	1.6.9	15688	790	0	false	0	0		0	
2020-05-06 06:48:37	135	135.23	https://travis-ci.org/MCUdude/MegaCore/jobs/683691850	push		false	master	92ec97338d287278e6f0fc67e846a1863bade4bd	6038cf6c29d9...92ec97338d28	Update corefiles	/home/travis/Arduino/hardware/MegaCore/avr/libraries/Ethernet/examples/XivelyClient/XivelyClient.ino	MegaCore:avr:640:bootloader=uart0,pinout=mega_pinout,BOD=2v7,LTO=Os,clock=1MHz_internal	1.6.9	18582	872	0	false	0	0		0	
2020-05-06 06:48:42	135	135.23	https://travis-ci.org/MCUdude/MegaCore/jobs/683691850	push		false	master	92ec97338d287278e6f0fc67e846a1863bade4bd	6038cf6c29d9...92ec97338d28	Update corefiles	/home/travis/Arduino/hardware/MegaCore/avr/libraries/Ethernet/examples/XivelyClientString/XivelyClientString.ino	MegaCore:avr:640:bootloader=uart0,pinout=mega_pinout,BOD=2v7,LTO=Os,clock=1MHz_internal	1.6.9	20414	892	0	false	0	0		0	
2020-05-06 06:48:48	135	135.23	https://travis-ci.org/MCUdude/MegaCore/jobs/683691850	push		false	master	92ec97338d287278e6f0fc67e846a1863bade4bd	6038cf6c29d9...92ec97338d28	Update corefiles	/home/travis/Arduino/hardware/MegaCore/avr/libraries/Ethernet/examples/LinkStatus/LinkStatus.ino	MegaCore:avr:640:bootloader=uart0,pinout=mega_pinout,BOD=2v7,LTO=Os,clock=1MHz_internal	1.6.9	5512	316	0	false	0	0		0	
2020-05-06 06:48:53	135	135.23	https://travis-ci.org/MCUdude/MegaCore/jobs/683691850	push		false	master	92ec97338d287278e6f0fc67e846a1863bade4bd	6038cf6c29d9...92ec97338d28	Update corefiles	/home/travis/Arduino/hardware/MegaCore/avr/libraries/Ethernet/examples/BarometricPressureWebServer/BarometricPressureWebServer.ino	MegaCore:avr:640:bootloader=uart0,pinout=mega_pinout,BOD=2v7,LTO=Os,clock=1MHz_internal	1.6.9	19504	734	2	false	0	0		0	
2020-05-06 06:48:59	135	135.23	https://travis-ci.org/MCUdude/MegaCore/jobs/683691850	push		false	master	92ec97338d287278e6f0fc67e846a1863bade4bd	6038cf6c29d9...92ec97338d28	Update corefiles	/home/travis/Arduino/hardware/MegaCore/avr/libraries/Ethernet/examples/DhcpChatServer/DhcpChatServer.ino	MegaCore:avr:640:bootloader=uart0,pinout=mega_pinout,BOD=2v7,LTO=Os,clock=1MHz_internal	1.6.9	19042	857	0	false	0	0		0	
2020-05-06 06:49:04	135	135.23	https://travis-ci.org/MCUdude/MegaCore/jobs/683691850	push		false	master	92ec97338d287278e6f0fc67e846a1863bade4bd	6038cf6c29d9...92ec97338d28	Update corefiles	/home/travis/Arduino/hardware/MegaCore/avr/libraries/Ethernet/examples/WebServer/WebServer.ino	MegaCore:avr:640:bootloader=uart0,pinout=mega_pinout,BOD=2v7,LTO=Os,clock=1MHz_internal	1.6.9	15968	796	0	false	0	0		0	
2020-05-06 06:49:10	135	135.23	https://travis-ci.org/MCUdude/MegaCore/jobs/683691850	push		false	master	92ec97338d287278e6f0fc67e846a1863bade4bd	6038cf6c29d9...92ec97338d28	Update corefiles	/home/travis/Arduino/hardware/MegaCore/avr/libraries/Ethernet/examples/TelnetClient/TelnetClient.ino	MegaCore:avr:640:bootloader=uart0,pinout=mega_pinout,BOD=2v7,LTO=Os,clock=1MHz_internal	1.6.9	14522	653	0	false	0	0		0	
2020-05-06 06:49:16	135	135.23	https://travis-ci.org/MCUdude/MegaCore/jobs/683691850	push		false	master	92ec97338d287278e6f0fc67e846a1863bade4bd	6038cf6c29d9...92ec97338d28	Update corefiles	/home/travis/Arduino/hardware/MegaCore/avr/libraries/Ethernet/examples/PachubeClient/PachubeClient.ino	MegaCore:avr:640:bootloader=uart0,pinout=mega_pinout,BOD=2v7,LTO=Os,clock=1MHz_internal	1.6.9	18584	874	0	false	0	0		0	
2020-05-06 06:49:21	135	135.23	https://travis-ci.org/MCUdude/MegaCore/jobs/683691850	push		false	master	92ec97338d287278e6f0fc67e846a1863bade4bd	6038cf6c29d9...92ec97338d28	Update corefiles	/home/travis/Arduino/hardware/MegaCore/avr/libraries/Ethernet/examples/PachubeClientString/PachubeClientString.ino	MegaCore:avr:640:bootloader=uart0,pinout=mega_pinout,BOD=2v7,LTO=Os,clock=1MHz_internal	1.6.9	20416	894	0	false	0	0		0	
2020-05-06 06:49:27	135	135.23	https://travis-ci.org/MCUdude/MegaCore/jobs/683691850	push		false	master	92ec97338d287278e6f0fc67e846a1863bade4bd	6038cf6c29d9...92ec97338d28	Update corefiles	/home/travis/Arduino/hardware/MegaCore/avr/libraries/Ethernet/examples/AdvancedChatServer/AdvancedChatServer.ino	MegaCore:avr:640:bootloader=uart0,pinout=mega_pinout,BOD=2v7,LTO=Os,clock=1MHz_internal	1.6.9	15788	822	0	false	0	0		0	
2020-05-06 06:49:32	135	135.23	https://travis-ci.org/MCUdude/MegaCore/jobs/683691850	push		false	master	92ec97338d287278e6f0fc67e846a1863bade4bd	6038cf6c29d9...92ec97338d28	Update corefiles	/home/travis/Arduino/hardware/MegaCore/avr/libraries/AVR_examples/examples/Blink_using_Timer0/Blink_using_Timer0.ino	MegaCore:avr:640:bootloader=uart0,pinout=mega_pinout,BOD=2v7,LTO=Os,clock=1MHz_internal	1.6.9	366	3	0	false	0	0		0	
2020-05-06 06:49:36	135	135.23	https://travis-ci.org/MCUdude/MegaCore/jobs/683691850	push		false	master	92ec97338d287278e6f0fc67e846a1863bade4bd	6038cf6c29d9...92ec97338d28	Update corefiles	/home/travis/Arduino/hardware/MegaCore/avr/libraries/AVR_examples/examples/Read_port_write_port/Read_port_write_port.ino	MegaCore:avr:640:bootloader=uart0,pinout=mega_pinout,BOD=2v7,LTO=Os,clock=1MHz_internal	1.6.9	268	0	0	false	0	0		0	
2020-05-06 06:49:40	135	135.23	https://travis-ci.org/MCUdude/MegaCore/jobs/683691850	push		false	master	92ec97338d287278e6f0fc67e846a1863bade4bd	6038cf6c29d9...92ec97338d28	Update corefiles	/home/travis/Arduino/hardware/MegaCore/avr/libraries/AVR_examples/examples/Measure_period_length/Measure_period_length.ino	MegaCore:avr:640:bootloader=uart0,pinout=mega_pinout,BOD=2v7,LTO=Os,clock=1MHz_internal	1.6.9	2024	202	0	false	0	0		0	
2020-05-06 06:49:45	135	135.23	https://travis-ci.org/MCUdude/MegaCore/jobs/683691850	push		false	master	92ec97338d287278e6f0fc67e846a1863bade4bd	6038cf6c29d9...92ec97338d28	Update corefiles	/home/travis/Arduino/hardware/MegaCore/avr/libraries/AVR_examples/examples/Watch_dog_timer/Watch_dog_timer.ino	MegaCore:avr:640:bootloader=uart0,pinout=mega_pinout,BOD=2v7,LTO=Os,clock=1MHz_internal	1.6.9	360	2	0	false	0	0		0	
2020-05-06 06:49:50	135	135.23	https://travis-ci.org/MCUdude/MegaCore/jobs/683691850	push		false	master	92ec97338d287278e6f0fc67e846a1863bade4bd	6038cf6c29d9...92ec97338d28	Update corefiles	/home/travis/Arduino/hardware/MegaCore/avr/libraries/AVR_examples/examples/Blink/Blink.ino	MegaCore:avr:640:bootloader=uart0,pinout=mega_pinout,BOD=2v7,LTO=Os,clock=1MHz_internal	1.6.9	300	0	0	false	0	0		0	
2020-05-06 06:49:55	135	135.23	https://travis-ci.org/MCUdude/MegaCore/jobs/683691850	push		false	master	92ec97338d287278e6f0fc67e846a1863bade4bd	6038cf6c29d9...92ec97338d28	Update corefiles	/home/travis/Arduino/hardware/MegaCore/avr/libraries/SD/examples/Datalogger/Datalogger.ino	MegaCore:avr:640:bootloader=uart0,pinout=mega_pinout,BOD=2v7,LTO=Os,clock=1MHz_internal	1.6.9	14686	945	5	false	0	0		0	
2020-05-06 06:50:00	135	135.23	https://travis-ci.org/MCUdude/MegaCore/jobs/683691850	push		false	master	92ec97338d287278e6f0fc67e846a1863bade4bd	6038cf6c29d9...92ec97338d28	Update corefiles	/home/travis/Arduino/hardware/MegaCore/avr/libraries/SD/examples/CardInfo/CardInfo.ino	MegaCore:avr:640:bootloader=uart0,pinout=mega_pinout,BOD=2v7,LTO=Os,clock=1MHz_internal	1.6.9	12144	1370	5	false	0	0		0	
2020-05-06 06:50:05	135	135.23	https://travis-ci.org/MCUdude/MegaCore/jobs/683691850	push		false	master	92ec97338d287278e6f0fc67e846a1863bade4bd	6038cf6c29d9...92ec97338d28	Update corefiles	/home/travis/Arduino/hardware/MegaCore/avr/libraries/SD/examples/ReadWrite/ReadWrite.ino	MegaCore:avr:640:bootloader=uart0,pinout=mega_pinout,BOD=2v7,LTO=Os,clock=1MHz_internal	1.6.9	13574	1014	5	false	0	0		0	
2020-05-06 06:50:11	135	135.23	https://travis-ci.org/MCUdude/MegaCore/jobs/683691850	push		false	master	92ec97338d287278e6f0fc67e846a1863bade4bd	6038cf6c29d9...92ec97338d28	Update corefiles	/home/travis/Arduino/hardware/MegaCore/avr/libraries/SD/examples/listfiles/listfiles.ino	MegaCore:avr:640:bootloader=uart0,pinout=mega_pinout,BOD=2v7,LTO=Os,clock=1MHz_internal	1.6.9	14308	950	5	false	0	0		0	
2020-05-06 06:50:16	135	135.23	https://travis-ci.org/MCUdude/MegaCore/jobs/683691850	push		false	master	92ec97338d287278e6f0fc67e846a1863bade4bd	6038cf6c29d9...92ec97338d28	Update corefiles	/home/travis/Arduino/hardware/MegaCore/avr/libraries/SD/examples/DumpFile/DumpFile.ino	MegaCore:avr:640:bootloader=uart0,pinout=mega_pinout,BOD=2v7,LTO=Os,clock=1MHz_internal	1.6.9	13248	943	5	false	0	0		0	
2020-05-06 06:50:21	135	135.23	https://travis-ci.org/MCUdude/MegaCore/jobs/683691850	push		false	master	92ec97338d287278e6f0fc67e846a1863bade4bd	6038cf6c29d9...92ec97338d28	Update corefiles	/home/travis/Arduino/hardware/MegaCore/avr/libraries/SD/examples/Files/Files.ino	MegaCore:avr:640:bootloader=uart0,pinout=mega_pinout,BOD=2v7,LTO=Os,clock=1MHz_internal	1.6.9	14164	1048	5	false	0	0		0	
2020-05-06 06:50:26	135	135.23	https://travis-ci.org/MCUdude/MegaCore/jobs/683691850	push		false	master	92ec97338d287278e6f0fc67e846a1863bade4bd	6038cf6c29d9...92ec97338d28	Update corefiles	/home/travis/Arduino/hardware/MegaCore/avr/libraries/SoftwareSerial/examples/SoftwareSerialExample/SoftwareSerialExample.ino	MegaCore:avr:640:bootloader=uart0,pinout=mega_pinout,BOD=2v7,LTO=Os,clock=1MHz_internal	1.6.9	5774	363	0	false	0	0		0	
2020-05-06 06:50:30	135	135.23	https://travis-ci.org/MCUdude/MegaCore/jobs/683691850	push		false	master	92ec97338d287278e6f0fc67e846a1863bade4bd	6038cf6c29d9...92ec97338d28	Update corefiles	/home/travis/Arduino/hardware/MegaCore/avr/libraries/SoftwareSerial/examples/TwoPortReceive/TwoPortReceive.ino	MegaCore:avr:640:bootloader=uart0,pinout=mega_pinout,BOD=2v7,LTO=Os,clock=1MHz_internal	1.6.9	5874	404	0	false	0	0		0	
2020-05-06 06:50:35	135	135.23	https://travis-ci.org/MCUdude/MegaCore/jobs/683691850	push		false	master	92ec97338d287278e6f0fc67e846a1863bade4bd	6038cf6c29d9...92ec97338d28	Update corefiles	/home/travis/Arduino/hardware/MegaCore/avr/libraries/Servo/examples/Knob/Knob.ino	MegaCore:avr:640:bootloader=uart0,pinout=mega_pinout,BOD=2v7,LTO=Os,clock=1MHz_internal	1.6.9	3702	171	0	false	0	0		0	
2020-05-06 06:50:40	135	135.23	https://travis-ci.org/MCUdude/MegaCore/jobs/683691850	push		false	master	92ec97338d287278e6f0fc67e846a1863bade4bd	6038cf6c29d9...92ec97338d28	Update corefiles	/home/travis/Arduino/hardware/MegaCore/avr/libraries/Servo/examples/Sweep/Sweep.ino	MegaCore:avr:640:bootloader=uart0,pinout=mega_pinout,BOD=2v7,LTO=Os,clock=1MHz_internal	1.6.9	3606	167	0	false	0	0		0	
2020-05-06 06:50:44	135	135.23	https://travis-ci.org/MCUdude/MegaCore/jobs/683691850	push		false	master	92ec97338d287278e6f0fc67e846a1863bade4bd	6038cf6c29d9...92ec97338d28	Update corefiles	/home/travis/Arduino/hardware/MegaCore/avr/libraries/EEPROM/examples/eeprom_get/eeprom_get.ino	MegaCore:avr:640:bootloader=uart0,pinout=mega_pinout,BOD=2v7,LTO=Os,clock=1MHz_internal	1.6.9	4224	258	0	false	0	0		0	
2020-05-06 06:50:49	135	135.23	https://travis-ci.org/MCUdude/MegaCore/jobs/683691850	push		false	master	92ec97338d287278e6f0fc67e846a1863bade4bd	6038cf6c29d9...92ec97338d28	Update corefiles	/home/travis/Arduino/hardware/MegaCore/avr/libraries/EEPROM/examples/eeprom_crc/eeprom_crc.ino	MegaCore:avr:640:bootloader=uart0,pinout=mega_pinout,BOD=2v7,LTO=Os,clock=1MHz_internal	1.6.9	2828	312	0	false	0	0		0	
2020-05-06 06:50:53	135	135.23	https://travis-ci.org/MCUdude/MegaCore/jobs/683691850	push		false	master	92ec97338d287278e6f0fc67e846a1863bade4bd	6038cf6c29d9...92ec97338d28	Update corefiles	/home/travis/Arduino/hardware/MegaCore/avr/libraries/EEPROM/examples/eeprom_read/eeprom_read.ino	MegaCore:avr:640:bootloader=uart0,pinout=mega_pinout,BOD=2v7,LTO=Os,clock=1MHz_internal	1.6.9	2592	205	0	false	0	0		0	
2020-05-06 06:50:57	135	135.23	https://travis-ci.org/MCUdude/MegaCore/jobs/683691850	push		false	master	92ec97338d287278e6f0fc67e846a1863bade4bd	6038cf6c29d9...92ec97338d28	Update corefiles	/home/travis/Arduino/hardware/MegaCore/avr/libraries/EEPROM/examples/eeprom_clear/eeprom_clear.ino	MegaCore:avr:640:bootloader=uart0,pinout=mega_pinout,BOD=2v7,LTO=Os,clock=1MHz_internal	1.6.9	1318	9	0	false	0	0		0	
2020-05-06 06:51:02	135	135.23	https://travis-ci.org/MCUdude/MegaCore/jobs/683691850	push		false	master	92ec97338d287278e6f0fc67e846a1863bade4bd	6038cf6c29d9...92ec97338d28	Update corefiles	/home/travis/Arduino/hardware/MegaCore/avr/libraries/EEPROM/examples/eeprom_write/eeprom_write.ino	MegaCore:avr:640:bootloader=uart0,pinout=mega_pinout,BOD=2v7,LTO=Os,clock=1MHz_internal	1.6.9	1046	13	0	false	0	0		0	
2020-05-06 06:51:06	135	135.23	https://travis-ci.org/MCUdude/MegaCore/jobs/683691850	push		false	master	92ec97338d287278e6f0fc67e846a1863bade4bd	6038cf6c29d9...92ec97338d28	Update corefiles	/home/travis/Arduino/hardware/MegaCore/avr/libraries/EEPROM/examples/eeprom_iteration/eeprom_iteration.ino	MegaCore:avr:640:bootloader=uart0,pinout=mega_pinout,BOD=2v7,LTO=Os,clock=1MHz_internal	1.6.9	868	9	0	false	0	0		0	
2020-05-06 06:51:11	135	135.23	https://travis-ci.org/MCUdude/MegaCore/jobs/683691850	push		false	master	92ec97338d287278e6f0fc67e846a1863bade4bd	6038cf6c29d9...92ec97338d28	Update corefiles	/home/travis/Arduino/hardware/MegaCore/avr/libraries/EEPROM/examples/eeprom_update/eeprom_update.ino	MegaCore:avr:640:bootloader=uart0,pinout=mega_pinout,BOD=2v7,LTO=Os,clock=1MHz_internal	1.6.9	1096	13	0	false	0	0		0	
2020-05-06 06:51:15	135	135.23	https://travis-ci.org/MCUdude/MegaCore/jobs/683691850	push		false	master	92ec97338d287278e6f0fc67e846a1863bade4bd	6038cf6c29d9...92ec97338d28	Update corefiles	/home/travis/Arduino/hardware/MegaCore/avr/libraries/EEPROM/examples/eeprom_put/eeprom_put.ino	MegaCore:avr:640:bootloader=uart0,pinout=mega_pinout,BOD=2v7,LTO=Os,clock=1MHz_internal	1.6.9	2526	342	0	false	0	0		0	
2020-05-06 06:51:20	135	135.23	https://travis-ci.org/MCUdude/MegaCore/jobs/683691850	push		false	master	92ec97338d287278e6f0fc67e846a1863bade4bd	6038cf6c29d9...92ec97338d28	Update corefiles	/home/travis/Arduino/hardware/MegaCore/avr/libraries/Optiboot_flasher/examples/SerialReadWrite/SerialReadWrite.ino	MegaCore:avr:640:bootloader=uart0,pinout=mega_pinout,BOD=2v7,LTO=Os,clock=1MHz_internal	1.6.9	8136	467	0	false	0	0		0	
2020-05-06 06:51:25	135	135.23	https://travis-ci.org/MCUdude/MegaCore/jobs/683691850	push		false	master	92ec97338d287278e6f0fc67e846a1863bade4bd	6038cf6c29d9...92ec97338d28	Update corefiles	/home/travis/Arduino/hardware/MegaCore/avr/libraries/Timer/examples/Events/Events.ino	MegaCore:avr:640:bootloader=uart0,pinout=mega_pinout,BOD=2v7,LTO=Os,clock=1MHz_internal	1.6.9	4550	552	0	false	0	0		0	
2020-05-06 06:51:29	135	135.23	https://travis-ci.org/MCUdude/MegaCore/jobs/683691850	push		false	master	92ec97338d287278e6f0fc67e846a1863bade4bd	6038cf6c29d9...92ec97338d28	Update corefiles	/home/travis/Arduino/hardware/MegaCore/avr/libraries/Timer/examples/Pin_high_10_minutes/Pin_high_10_minutes.ino	MegaCore:avr:640:bootloader=uart0,pinout=mega_pinout,BOD=2v7,LTO=Os,clock=1MHz_internal	1.6.9	2014	205	1	false	0	0		0	
2020-05-06 06:51:34	135	135.23	https://travis-ci.org/MCUdude/MegaCore/jobs/683691850	push		false	master	92ec97338d287278e6f0fc67e846a1863bade4bd	6038cf6c29d9...92ec97338d28	Update corefiles	/home/travis/Arduino/hardware/MegaCore/avr/libraries/Timer/examples/Multitasking/Multitasking.ino	MegaCore:avr:640:bootloader=uart0,pinout=mega_pinout,BOD=2v7,LTO=Os,clock=1MHz_internal	1.6.9	4066	456	1	false	0	0		0	
2020-05-06 06:51:39	135	135.23	https://travis-ci.org/MCUdude/MegaCore/jobs/683691850	push		false	master	92ec97338d287278e6f0fc67e846a1863bade4bd	6038cf6c29d9...92ec97338d28	Update corefiles	/home/travis/Arduino/hardware/MegaCore/avr/libraries/Timer/examples/TimerTest/TimerTest.ino	MegaCore:avr:640:bootloader=uart0,pinout=mega_pinout,BOD=2v7,LTO=Os,clock=1MHz_internal	1.6.9	1980	203	0	false	0	0		0	
2020-05-06 06:51:43	135	135.23	https://travis-ci.org/MCUdude/MegaCore/jobs/683691850	push		false	master	92ec97338d287278e6f0fc67e846a1863bade4bd	6038cf6c29d9...92ec97338d28	Update corefiles	/home/travis/Arduino/hardware/MegaCore/avr/libraries/SPI/examples/BarometricPressureSensor/BarometricPressureSensor.ino	MegaCore:avr:640:bootloader=uart0,pinout=mega_pinout,BOD=2v7,LTO=Os,clock=1MHz_internal	1.6.9	7346	237	1	false	0	0		0	
2020-05-06 06:51:48	135	135.23	https://travis-ci.org/MCUdude/MegaCore/jobs/683691850	push		false	master	92ec97338d287278e6f0fc67e846a1863bade4bd	6038cf6c29d9...92ec97338d28	Update corefiles	/home/travis/Arduino/hardware/MegaCore/avr/libraries/SPI/examples/DigitalPotControl/DigitalPotControl.ino	MegaCore:avr:640:bootloader=uart0,pinout=mega_pinout,BOD=2v7,LTO=Os,clock=1MHz_internal	1.6.9	1880	10	0	false	0	0		0	
2020-05-06 06:51:53	135	135.23	https://travis-ci.org/MCUdude/MegaCore/jobs/683691850	push		false	master	92ec97338d287278e6f0fc67e846a1863bade4bd	6038cf6c29d9...92ec97338d28	Update corefiles	/home/travis/Arduino/hardware/MegaCore/avr/libraries/Wire/examples/i2c_scanner/i2c_scanner.ino	MegaCore:avr:640:bootloader=uart0,pinout=mega_pinout,BOD=2v7,LTO=Os,clock=1MHz_internal	1.6.9	4950	532	2	false	0	0		0	
2020-05-06 06:51:57	135	135.23	https://travis-ci.org/MCUdude/MegaCore/jobs/683691850	push		false	master	92ec97338d287278e6f0fc67e846a1863bade4bd	6038cf6c29d9...92ec97338d28	Update corefiles	/home/travis/Arduino/hardware/MegaCore/avr/libraries/Wire/examples/SFRRanger_reader/SFRRanger_reader.ino	MegaCore:avr:640:bootloader=uart0,pinout=mega_pinout,BOD=2v7,LTO=Os,clock=1MHz_internal	1.6.9	5228	416	2	false	0	0		0	
2020-05-06 06:52:02	135	135.23	https://travis-ci.org/MCUdude/MegaCore/jobs/683691850	push		false	master	92ec97338d287278e6f0fc67e846a1863bade4bd	6038cf6c29d9...92ec97338d28	Update corefiles	/home/travis/Arduino/hardware/MegaCore/avr/libraries/Wire/examples/master_writer/master_writer.ino	MegaCore:avr:640:bootloader=uart0,pinout=mega_pinout,BOD=2v7,LTO=Os,clock=1MHz_internal	1.6.9	3080	230	2	false	0	0		0	
2020-05-06 06:52:07	135	135.23	https://travis-ci.org/MCUdude/MegaCore/jobs/683691850	push		false	master	92ec97338d287278e6f0fc67e846a1863bade4bd	6038cf6c29d9...92ec97338d28	Update corefiles	/home/travis/Arduino/hardware/MegaCore/avr/libraries/Wire/examples/digital_potentiometer/digital_potentiometer.ino	MegaCore:avr:640:bootloader=uart0,pinout=mega_pinout,BOD=2v7,LTO=Os,clock=1MHz_internal	1.6.9	3066	224	2	false	0	0		0	
2020-05-06 06:52:11	135	135.23	https://travis-ci.org/MCUdude/MegaCore/jobs/683691850	push		false	master	92ec97338d287278e6f0fc67e846a1863bade4bd	6038cf6c29d9...92ec97338d28	Update corefiles	/home/travis/Arduino/hardware/MegaCore/avr/libraries/Wire/examples/slave_receiver/slave_receiver.ino	MegaCore:avr:640:bootloader=uart0,pinout=mega_pinout,BOD=2v7,LTO=Os,clock=1MHz_internal	1.6.9	4598	413	3	false	0	0		0	
2020-05-06 06:52:16	135	135.23	https://travis-ci.org/MCUdude/MegaCore/jobs/683691850	push		false	master	92ec97338d287278e6f0fc67e846a1863bade4bd	6038cf6c29d9...92ec97338d28	Update corefiles	/home/travis/Arduino/hardware/MegaCore/avr/libraries/Wire/examples/master_reader/master_reader.ino	MegaCore:avr:640:bootloader=uart0,pinout=mega_pinout,BOD=2v7,LTO=Os,clock=1MHz_internal	1.6.9	4678	398	2	false	0	0		0	
2020-05-06 06:52:21	135	135.23	https://travis-ci.org/MCUdude/MegaCore/jobs/683691850	push		false	master	92ec97338d287278e6f0fc67e846a1863bade4bd	6038cf6c29d9...92ec97338d28	Update corefiles	/home/travis/Arduino/hardware/MegaCore/avr/libraries/Wire/examples/slave_sender/slave_sender.ino	MegaCore:avr:640:bootloader=uart0,pinout=mega_pinout,BOD=2v7,LTO=Os,clock=1MHz_internal	1.6.9	2866	230	2	false	0	0		0	
2020-05-06 06:52:28	135	135.23	https://travis-ci.org/MCUdude/MegaCore/jobs/683691850	push		false	master	92ec97338d287278e6f0fc67e846a1863bade4bd	6038cf6c29d9...92ec97338d28	Update corefiles	/home/travis/Arduino/hardware/MegaCore/avr/libraries/Ethernet/examples/UDPSendReceiveString/UDPSendReceiveString.ino	MegaCore:avr:640:bootloader=uart0,pinout=mega_pinout,BOD=2v7,LTO=Os,clock=1MHz_internal	1.6.13	12636	643	0	false	0	0		0	
2020-05-06 06:52:34	135	135.23	https://travis-ci.org/MCUdude/MegaCore/jobs/683691850	push		false	master	92ec97338d287278e6f0fc67e846a1863bade4bd	6038cf6c29d9...92ec97338d28	Update corefiles	/home/travis/Arduino/hardware/MegaCore/avr/libraries/Ethernet/examples/TwitterClient/TwitterClient.ino	MegaCore:avr:640:bootloader=uart0,pinout=mega_pinout,BOD=2v7,LTO=Os,clock=1MHz_internal	1.6.13	19938	912	0	false	0	0		0	
2020-05-06 06:52:40	135	135.23	https://travis-ci.org/MCUdude/MegaCore/jobs/683691850	push		false	master	92ec97338d287278e6f0fc67e846a1863bade4bd	6038cf6c29d9...92ec97338d28	Update corefiles	/home/travis/Arduino/hardware/MegaCore/avr/libraries/Ethernet/examples/WebClientRepeating/WebClientRepeating.ino	MegaCore:avr:640:bootloader=uart0,pinout=mega_pinout,BOD=2v7,LTO=Os,clock=1MHz_internal	1.6.13	18212	957	0	false	0	0		0	
2020-05-06 06:52:45	135	135.23	https://travis-ci.org/MCUdude/MegaCore/jobs/683691850	push		false	master	92ec97338d287278e6f0fc67e846a1863bade4bd	6038cf6c29d9...92ec97338d28	Update corefiles	/home/travis/Arduino/hardware/MegaCore/avr/libraries/Ethernet/examples/UdpNtpClient/UdpNtpClient.ino	MegaCore:avr:640:bootloader=uart0,pinout=mega_pinout,BOD=2v7,LTO=Os,clock=1MHz_internal	1.6.13	15966	823	0	false	0	0		0	
2020-05-06 06:52:51	135	135.23	https://travis-ci.org/MCUdude/MegaCore/jobs/683691850	push		false	master	92ec97338d287278e6f0fc67e846a1863bade4bd	6038cf6c29d9...92ec97338d28	Update corefiles	/home/travis/Arduino/hardware/MegaCore/avr/libraries/Ethernet/examples/WebClient/WebClient.ino	MegaCore:avr:640:bootloader=uart0,pinout=mega_pinout,BOD=2v7,LTO=Os,clock=1MHz_internal	1.6.13	20280	1007	0	false	0	0		0	
2020-05-06 06:52:57	135	135.23	https://travis-ci.org/MCUdude/MegaCore/jobs/683691850	push		false	master	92ec97338d287278e6f0fc67e846a1863bade4bd	6038cf6c29d9...92ec97338d28	Update corefiles	/home/travis/Arduino/hardware/MegaCore/avr/libraries/Ethernet/examples/ChatServer/ChatServer.ino	MegaCore:avr:640:bootloader=uart0,pinout=mega_pinout,BOD=2v7,LTO=Os,clock=1MHz_internal	1.6.13	14886	673	0	false	0	0		0	
2020-05-06 06:53:03	135	135.23	https://travis-ci.org/MCUdude/MegaCore/jobs/683691850	push		false	master	92ec97338d287278e6f0fc67e846a1863bade4bd	6038cf6c29d9...92ec97338d28	Update corefiles	/home/travis/Arduino/hardware/MegaCore/avr/libraries/Ethernet/examples/DhcpAddressPrinter/DhcpAddressPrinter.ino	MegaCore:avr:640:bootloader=uart0,pinout=mega_pinout,BOD=2v7,LTO=Os,clock=1MHz_internal	1.6.13	15678	790	0	false	0	0		0	
2020-05-06 06:53:08	135	135.23	https://travis-ci.org/MCUdude/MegaCore/jobs/683691850	push		false	master	92ec97338d287278e6f0fc67e846a1863bade4bd	6038cf6c29d9...92ec97338d28	Update corefiles	/home/travis/Arduino/hardware/MegaCore/avr/libraries/Ethernet/examples/XivelyClient/XivelyClient.ino	MegaCore:avr:640:bootloader=uart0,pinout=mega_pinout,BOD=2v7,LTO=Os,clock=1MHz_internal	1.6.13	18562	872	0	false	0	0		0	
2020-05-06 06:53:14	135	135.23	https://travis-ci.org/MCUdude/MegaCore/jobs/683691850	push		false	master	92ec97338d287278e6f0fc67e846a1863bade4bd	6038cf6c29d9...92ec97338d28	Update corefiles	/home/travis/Arduino/hardware/MegaCore/avr/libraries/Ethernet/examples/XivelyClientString/XivelyClientString.ino	MegaCore:avr:640:bootloader=uart0,pinout=mega_pinout,BOD=2v7,LTO=Os,clock=1MHz_internal	1.6.13	20406	892	0	false	0	0		0	
2020-05-06 06:53:20	135	135.23	https://travis-ci.org/MCUdude/MegaCore/jobs/683691850	push		false	master	92ec97338d287278e6f0fc67e846a1863bade4bd	6038cf6c29d9...92ec97338d28	Update corefiles	/home/travis/Arduino/hardware/MegaCore/avr/libraries/Ethernet/examples/LinkStatus/LinkStatus.ino	MegaCore:avr:640:bootloader=uart0,pinout=mega_pinout,BOD=2v7,LTO=Os,clock=1MHz_internal	1.6.13	5442	316	0	false	0	0		0	
2020-05-06 06:53:25	135	135.23	https://travis-ci.org/MCUdude/MegaCore/jobs/683691850	push		false	master	92ec97338d287278e6f0fc67e846a1863bade4bd	6038cf6c29d9...92ec97338d28	Update corefiles	/home/travis/Arduino/hardware/MegaCore/avr/libraries/Ethernet/examples/BarometricPressureWebServer/BarometricPressureWebServer.ino	MegaCore:avr:640:bootloader=uart0,pinout=mega_pinout,BOD=2v7,LTO=Os,clock=1MHz_internal	1.6.13	19510	734	2	false	0	0		0	
2020-05-06 06:53:31	135	135.23	https://travis-ci.org/MCUdude/MegaCore/jobs/683691850	push		false	master	92ec97338d287278e6f0fc67e846a1863bade4bd	6038cf6c29d9...92ec97338d28	Update corefiles	/home/travis/Arduino/hardware/MegaCore/avr/libraries/Ethernet/examples/DhcpChatServer/DhcpChatServer.ino	MegaCore:avr:640:bootloader=uart0,pinout=mega_pinout,BOD=2v7,LTO=Os,clock=1MHz_internal	1.6.13	18968	857	0	false	0	0		0	
2020-05-06 06:53:37	135	135.23	https://travis-ci.org/MCUdude/MegaCore/jobs/683691850	push		false	master	92ec97338d287278e6f0fc67e846a1863bade4bd	6038cf6c29d9...92ec97338d28	Update corefiles	/home/travis/Arduino/hardware/MegaCore/avr/libraries/Ethernet/examples/WebServer/WebServer.ino	MegaCore:avr:640:bootloader=uart0,pinout=mega_pinout,BOD=2v7,LTO=Os,clock=1MHz_internal	1.6.13	15868	796	0	false	0	0		0	
2020-05-06 06:53:42	135	135.23	https://travis-ci.org/MCUdude/MegaCore/jobs/683691850	push		false	master	92ec97338d287278e6f0fc67e846a1863bade4bd	6038cf6c29d9...92ec97338d28	Update corefiles	/home/travis/Arduino/hardware/MegaCore/avr/libraries/Ethernet/examples/TelnetClient/TelnetClient.ino	MegaCore:avr:640:bootloader=uart0,pinout=mega_pinout,BOD=2v7,LTO=Os,clock=1MHz_internal	1.6.13	14472	653	0	false	0	0		0	
2020-05-06 06:53:48	135	135.23	https://travis-ci.org/MCUdude/MegaCore/jobs/683691850	push		false	master	92ec97338d287278e6f0fc67e846a1863bade4bd	6038cf6c29d9...92ec97338d28	Update corefiles	/home/travis/Arduino/hardware/MegaCore/avr/libraries/Ethernet/examples/PachubeClient/PachubeClient.ino	MegaCore:avr:640:bootloader=uart0,pinout=mega_pinout,BOD=2v7,LTO=Os,clock=1MHz_internal	1.6.13	18564	874	0	false	0	0		0	
2020-05-06 06:53:53	135	135.23	https://travis-ci.org/MCUdude/MegaCore/jobs/683691850	push		false	master	92ec97338d287278e6f0fc67e846a1863bade4bd	6038cf6c29d9...92ec97338d28	Update corefiles	/home/travis/Arduino/hardware/MegaCore/avr/libraries/Ethernet/examples/PachubeClientString/PachubeClientString.ino	MegaCore:avr:640:bootloader=uart0,pinout=mega_pinout,BOD=2v7,LTO=Os,clock=1MHz_internal	1.6.13	20408	894	0	false	0	0		0	
2020-05-06 06:53:59	135	135.23	https://travis-ci.org/MCUdude/MegaCore/jobs/683691850	push		false	master	92ec97338d287278e6f0fc67e846a1863bade4bd	6038cf6c29d9...92ec97338d28	Update corefiles	/home/travis/Arduino/hardware/MegaCore/avr/libraries/Ethernet/examples/AdvancedChatServer/AdvancedChatServer.ino	MegaCore:avr:640:bootloader=uart0,pinout=mega_pinout,BOD=2v7,LTO=Os,clock=1MHz_internal	1.6.13	15742	822	0	false	0	0		0	
2020-05-06 06:54:04	135	135.23	https://travis-ci.org/MCUdude/MegaCore/jobs/683691850	push		false	master	92ec97338d287278e6f0fc67e846a1863bade4bd	6038cf6c29d9...92ec97338d28	Update corefiles	/home/travis/Arduino/hardware/MegaCore/avr/libraries/AVR_examples/examples/Blink_using_Timer0/Blink_using_Timer0.ino	MegaCore:avr:640:bootloader=uart0,pinout=mega_pinout,BOD=2v7,LTO=Os,clock=1MHz_internal	1.6.13	366	3	0	false	0	0		0	
2020-05-06 06:54:08	135	135.23	https://travis-ci.org/MCUdude/MegaCore/jobs/683691850	push		false	master	92ec97338d287278e6f0fc67e846a1863bade4bd	6038cf6c29d9...92ec97338d28	Update corefiles	/home/travis/Arduino/hardware/MegaCore/avr/libraries/AVR_examples/examples/Read_port_write_port/Read_port_write_port.ino	MegaCore:avr:640:bootloader=uart0,pinout=mega_pinout,BOD=2v7,LTO=Os,clock=1MHz_internal	1.6.13	268	0	0	false	0	0		0	
2020-05-06 06:54:12	135	135.23	https://travis-ci.org/MCUdude/MegaCore/jobs/683691850	push		false	master	92ec97338d287278e6f0fc67e846a1863bade4bd	6038cf6c29d9...92ec97338d28	Update corefiles	/home/travis/Arduino/hardware/MegaCore/avr/libraries/AVR_examples/examples/Measure_period_length/Measure_period_length.ino	MegaCore:avr:640:bootloader=uart0,pinout=mega_pinout,BOD=2v7,LTO=Os,clock=1MHz_internal	1.6.13	1918	202	0	false	0	0		0	
2020-05-06 06:54:17	135	135.23	https://travis-ci.org/MCUdude/MegaCore/jobs/683691850	push		false	master	92ec97338d287278e6f0fc67e846a1863bade4bd	6038cf6c29d9...92ec97338d28	Update corefiles	/home/travis/Arduino/hardware/MegaCore/avr/libraries/AVR_examples/examples/Watch_dog_timer/Watch_dog_timer.ino	MegaCore:avr:640:bootloader=uart0,pinout=mega_pinout,BOD=2v7,LTO=Os,clock=1MHz_internal	1.6.13	358	2	0	false	0	0		0	
2020-05-06 06:54:21	135	135.23	https://travis-ci.org/MCUdude/MegaCore/jobs/683691850	push		false	master	92ec97338d287278e6f0fc67e846a1863bade4bd	6038cf6c29d9...92ec97338d28	Update corefiles	/home/travis/Arduino/hardware/MegaCore/avr/libraries/AVR_examples/examples/Blink/Blink.ino	MegaCore:avr:640:bootloader=uart0,pinout=mega_pinout,BOD=2v7,LTO=Os,clock=1MHz_internal	1.6.13	300	0	0	false	0	0		0	
2020-05-06 06:54:27	135	135.23	https://travis-ci.org/MCUdude/MegaCore/jobs/683691850	push		false	master	92ec97338d287278e6f0fc67e846a1863bade4bd	6038cf6c29d9...92ec97338d28	Update corefiles	/home/travis/Arduino/hardware/MegaCore/avr/libraries/SD/examples/Datalogger/Datalogger.ino	MegaCore:avr:640:bootloader=uart0,pinout=mega_pinout,BOD=2v7,LTO=Os,clock=1MHz_internal	1.6.13	14568	945	5	false	0	0		0	
2020-05-06 06:54:32	135	135.23	https://travis-ci.org/MCUdude/MegaCore/jobs/683691850	push		false	master	92ec97338d287278e6f0fc67e846a1863bade4bd	6038cf6c29d9...92ec97338d28	Update corefiles	/home/travis/Arduino/hardware/MegaCore/avr/libraries/SD/examples/CardInfo/CardInfo.ino	MegaCore:avr:640:bootloader=uart0,pinout=mega_pinout,BOD=2v7,LTO=Os,clock=1MHz_internal	1.6.13	12010	1370	5	false	0	0		0	
2020-05-06 06:54:38	135	135.23	https://travis-ci.org/MCUdude/MegaCore/jobs/683691850	push		false	master	92ec97338d287278e6f0fc67e846a1863bade4bd	6038cf6c29d9...92ec97338d28	Update corefiles	/home/travis/Arduino/hardware/MegaCore/avr/libraries/SD/examples/ReadWrite/ReadWrite.ino	MegaCore:avr:640:bootloader=uart0,pinout=mega_pinout,BOD=2v7,LTO=Os,clock=1MHz_internal	1.6.13	13446	1014	5	false	0	0		0	
2020-05-06 06:54:43	135	135.23	https://travis-ci.org/MCUdude/MegaCore/jobs/683691850	push		false	master	92ec97338d287278e6f0fc67e846a1863bade4bd	6038cf6c29d9...92ec97338d28	Update corefiles	/home/travis/Arduino/hardware/MegaCore/avr/libraries/SD/examples/listfiles/listfiles.ino	MegaCore:avr:640:bootloader=uart0,pinout=mega_pinout,BOD=2v7,LTO=Os,clock=1MHz_internal	1.6.13	14176	950	5	false	0	0		0	
2020-05-06 06:54:49	135	135.23	https://travis-ci.org/MCUdude/MegaCore/jobs/683691850	push		false	master	92ec97338d287278e6f0fc67e846a1863bade4bd	6038cf6c29d9...92ec97338d28	Update corefiles	/home/travis/Arduino/hardware/MegaCore/avr/libraries/SD/examples/DumpFile/DumpFile.ino	MegaCore:avr:640:bootloader=uart0,pinout=mega_pinout,BOD=2v7,LTO=Os,clock=1MHz_internal	1.6.13	13120	943	5	false	0	0		0	
2020-05-06 06:54:54	135	135.23	https://travis-ci.org/MCUdude/MegaCore/jobs/683691850	push		false	master	92ec97338d287278e6f0fc67e846a1863bade4bd	6038cf6c29d9...92ec97338d28	Update corefiles	/home/travis/Arduino/hardware/MegaCore/avr/libraries/SD/examples/Files/Files.ino	MegaCore:avr:640:bootloader=uart0,pinout=mega_pinout,BOD=2v7,LTO=Os,clock=1MHz_internal	1.6.13	14060	1048	5	false	0	0		0	
2020-05-06 06:54:59	135	135.23	https://travis-ci.org/MCUdude/MegaCore/jobs/683691850	push		false	master	92ec97338d287278e6f0fc67e846a1863bade4bd	6038cf6c29d9...92ec97338d28	Update corefiles	/home/travis/Arduino/hardware/MegaCore/avr/libraries/SoftwareSerial/examples/SoftwareSerialExample/SoftwareSerialExample.ino	MegaCore:avr:640:bootloader=uart0,pinout=mega_pinout,BOD=2v7,LTO=Os,clock=1MHz_internal	1.6.13	5668	363	0	false	0	0		0	
2020-05-06 06:55:04	135	135.23	https://travis-ci.org/MCUdude/MegaCore/jobs/683691850	push		false	master	92ec97338d287278e6f0fc67e846a1863bade4bd	6038cf6c29d9...92ec97338d28	Update corefiles	/home/travis/Arduino/hardware/MegaCore/avr/libraries/SoftwareSerial/examples/TwoPortReceive/TwoPortReceive.ino	MegaCore:avr:640:bootloader=uart0,pinout=mega_pinout,BOD=2v7,LTO=Os,clock=1MHz_internal	1.6.13	5754	404	0	false	0	0		0	
2020-05-06 06:55:08	135	135.23	https://travis-ci.org/MCUdude/MegaCore/jobs/683691850	push		false	master	92ec97338d287278e6f0fc67e846a1863bade4bd	6038cf6c29d9...92ec97338d28	Update corefiles	/home/travis/Arduino/hardware/MegaCore/avr/libraries/Servo/examples/Knob/Knob.ino	MegaCore:avr:640:bootloader=uart0,pinout=mega_pinout,BOD=2v7,LTO=Os,clock=1MHz_internal	1.6.13	3688	171	0	false	0	0		0	
2020-05-06 06:55:13	135	135.23	https://travis-ci.org/MCUdude/MegaCore/jobs/683691850	push		false	master	92ec97338d287278e6f0fc67e846a1863bade4bd	6038cf6c29d9...92ec97338d28	Update corefiles	/home/travis/Arduino/hardware/MegaCore/avr/libraries/Servo/examples/Sweep/Sweep.ino	MegaCore:avr:640:bootloader=uart0,pinout=mega_pinout,BOD=2v7,LTO=Os,clock=1MHz_internal	1.6.13	3594	167	0	false	0	0		0	
2020-05-06 06:55:17	135	135.23	https://travis-ci.org/MCUdude/MegaCore/jobs/683691850	push		false	master	92ec97338d287278e6f0fc67e846a1863bade4bd	6038cf6c29d9...92ec97338d28	Update corefiles	/home/travis/Arduino/hardware/MegaCore/avr/libraries/EEPROM/examples/eeprom_get/eeprom_get.ino	MegaCore:avr:640:bootloader=uart0,pinout=mega_pinout,BOD=2v7,LTO=Os,clock=1MHz_internal	1.6.13	4196	258	0	false	0	0		0	
2020-05-06 06:55:22	135	135.23	https://travis-ci.org/MCUdude/MegaCore/jobs/683691850	push		false	master	92ec97338d287278e6f0fc67e846a1863bade4bd	6038cf6c29d9...92ec97338d28	Update corefiles	/home/travis/Arduino/hardware/MegaCore/avr/libraries/EEPROM/examples/eeprom_crc/eeprom_crc.ino	MegaCore:avr:640:bootloader=uart0,pinout=mega_pinout,BOD=2v7,LTO=Os,clock=1MHz_internal	1.6.13	2718	312	0	false	0	0		0	
2020-05-06 06:55:27	135	135.23	https://travis-ci.org/MCUdude/MegaCore/jobs/683691850	push		false	master	92ec97338d287278e6f0fc67e846a1863bade4bd	6038cf6c29d9...92ec97338d28	Update corefiles	/home/travis/Arduino/hardware/MegaCore/avr/libraries/EEPROM/examples/eeprom_read/eeprom_read.ino	MegaCore:avr:640:bootloader=uart0,pinout=mega_pinout,BOD=2v7,LTO=Os,clock=1MHz_internal	1.6.13	2494	205	0	false	0	0		0	
2020-05-06 06:55:31	135	135.23	https://travis-ci.org/MCUdude/MegaCore/jobs/683691850	push		false	master	92ec97338d287278e6f0fc67e846a1863bade4bd	6038cf6c29d9...92ec97338d28	Update corefiles	/home/travis/Arduino/hardware/MegaCore/avr/libraries/EEPROM/examples/eeprom_clear/eeprom_clear.ino	MegaCore:avr:640:bootloader=uart0,pinout=mega_pinout,BOD=2v7,LTO=Os,clock=1MHz_internal	1.6.13	1306	9	0	false	0	0		0	
2020-05-06 06:55:36	135	135.23	https://travis-ci.org/MCUdude/MegaCore/jobs/683691850	push		false	master	92ec97338d287278e6f0fc67e846a1863bade4bd	6038cf6c29d9...92ec97338d28	Update corefiles	/home/travis/Arduino/hardware/MegaCore/avr/libraries/EEPROM/examples/eeprom_write/eeprom_write.ino	MegaCore:avr:640:bootloader=uart0,pinout=mega_pinout,BOD=2v7,LTO=Os,clock=1MHz_internal	1.6.13	1054	13	0	false	0	0		0	
2020-05-06 06:55:40	135	135.23	https://travis-ci.org/MCUdude/MegaCore/jobs/683691850	push		false	master	92ec97338d287278e6f0fc67e846a1863bade4bd	6038cf6c29d9...92ec97338d28	Update corefiles	/home/travis/Arduino/hardware/MegaCore/avr/libraries/EEPROM/examples/eeprom_iteration/eeprom_iteration.ino	MegaCore:avr:640:bootloader=uart0,pinout=mega_pinout,BOD=2v7,LTO=Os,clock=1MHz_internal	1.6.13	868	9	0	false	0	0		0	
2020-05-06 06:55:45	135	135.23	https://travis-ci.org/MCUdude/MegaCore/jobs/683691850	push		false	master	92ec97338d287278e6f0fc67e846a1863bade4bd	6038cf6c29d9...92ec97338d28	Update corefiles	/home/travis/Arduino/hardware/MegaCore/avr/libraries/EEPROM/examples/eeprom_update/eeprom_update.ino	MegaCore:avr:640:bootloader=uart0,pinout=mega_pinout,BOD=2v7,LTO=Os,clock=1MHz_internal	1.6.13	1104	13	0	false	0	0		0	
2020-05-06 06:55:49	135	135.23	https://travis-ci.org/MCUdude/MegaCore/jobs/683691850	push		false	master	92ec97338d287278e6f0fc67e846a1863bade4bd	6038cf6c29d9...92ec97338d28	Update corefiles	/home/travis/Arduino/hardware/MegaCore/avr/libraries/EEPROM/examples/eeprom_put/eeprom_put.ino	MegaCore:avr:640:bootloader=uart0,pinout=mega_pinout,BOD=2v7,LTO=Os,clock=1MHz_internal	1.6.13	2442	342	0	false	0	0		0	
2020-05-06 06:55:54	135	135.23	https://travis-ci.org/MCUdude/MegaCore/jobs/683691850	push		false	master	92ec97338d287278e6f0fc67e846a1863bade4bd	6038cf6c29d9...92ec97338d28	Update corefiles	/home/travis/Arduino/hardware/MegaCore/avr/libraries/Optiboot_flasher/examples/SerialReadWrite/SerialReadWrite.ino	MegaCore:avr:640:bootloader=uart0,pinout=mega_pinout,BOD=2v7,LTO=Os,clock=1MHz_internal	1.6.13	8072	467	0	false	0	0		0	
2020-05-06 06:55:59	135	135.23	https://travis-ci.org/MCUdude/MegaCore/jobs/683691850	push		false	master	92ec97338d287278e6f0fc67e846a1863bade4bd	6038cf6c29d9...92ec97338d28	Update corefiles	/home/travis/Arduino/hardware/MegaCore/avr/libraries/Timer/examples/Events/Events.ino	MegaCore:avr:640:bootloader=uart0,pinout=mega_pinout,BOD=2v7,LTO=Os,clock=1MHz_internal	1.6.13	4442	552	0	false	0	0		0	
2020-05-06 06:56:03	135	135.23	https://travis-ci.org/MCUdude/MegaCore/jobs/683691850	push		false	master	92ec97338d287278e6f0fc67e846a1863bade4bd	6038cf6c29d9...92ec97338d28	Update corefiles	/home/travis/Arduino/hardware/MegaCore/avr/libraries/Timer/examples/Pin_high_10_minutes/Pin_high_10_minutes.ino	MegaCore:avr:640:bootloader=uart0,pinout=mega_pinout,BOD=2v7,LTO=Os,clock=1MHz_internal	1.6.13	2014	205	1	false	0	0		0	
2020-05-06 06:56:08	135	135.23	https://travis-ci.org/MCUdude/MegaCore/jobs/683691850	push		false	master	92ec97338d287278e6f0fc67e846a1863bade4bd	6038cf6c29d9...92ec97338d28	Update corefiles	/home/travis/Arduino/hardware/MegaCore/avr/libraries/Timer/examples/Multitasking/Multitasking.ino	MegaCore:avr:640:bootloader=uart0,pinout=mega_pinout,BOD=2v7,LTO=Os,clock=1MHz_internal	1.6.13	3966	456	1	false	0	0		0	
2020-05-06 06:56:13	135	135.23	https://travis-ci.org/MCUdude/MegaCore/jobs/683691850	push		false	master	92ec97338d287278e6f0fc67e846a1863bade4bd	6038cf6c29d9...92ec97338d28	Update corefiles	/home/travis/Arduino/hardware/MegaCore/avr/libraries/Timer/examples/TimerTest/TimerTest.ino	MegaCore:avr:640:bootloader=uart0,pinout=mega_pinout,BOD=2v7,LTO=Os,clock=1MHz_internal	1.6.13	1978	203	0	false	0	0		0	
2020-05-06 06:56:17	135	135.23	https://travis-ci.org/MCUdude/MegaCore/jobs/683691850	push		false	master	92ec97338d287278e6f0fc67e846a1863bade4bd	6038cf6c29d9...92ec97338d28	Update corefiles	/home/travis/Arduino/hardware/MegaCore/avr/libraries/SPI/examples/BarometricPressureSensor/BarometricPressureSensor.ino	MegaCore:avr:640:bootloader=uart0,pinout=mega_pinout,BOD=2v7,LTO=Os,clock=1MHz_internal	1.6.13	7330	237	1	false	0	0		0	
2020-05-06 06:56:22	135	135.23	https://travis-ci.org/MCUdude/MegaCore/jobs/683691850	push		false	master	92ec97338d287278e6f0fc67e846a1863bade4bd	6038cf6c29d9...92ec97338d28	Update corefiles	/home/travis/Arduino/hardware/MegaCore/avr/libraries/SPI/examples/DigitalPotControl/DigitalPotControl.ino	MegaCore:avr:640:bootloader=uart0,pinout=mega_pinout,BOD=2v7,LTO=Os,clock=1MHz_internal	1.6.13	1882	10	0	false	0	0		0	
2020-05-06 06:56:27	135	135.23	https://travis-ci.org/MCUdude/MegaCore/jobs/683691850	push		false	master	92ec97338d287278e6f0fc67e846a1863bade4bd	6038cf6c29d9...92ec97338d28	Update corefiles	/home/travis/Arduino/hardware/MegaCore/avr/libraries/Wire/examples/i2c_scanner/i2c_scanner.ino	MegaCore:avr:640:bootloader=uart0,pinout=mega_pinout,BOD=2v7,LTO=Os,clock=1MHz_internal	1.6.13	4850	532	2	false	0	0		0	
2020-05-06 06:56:32	135	135.23	https://travis-ci.org/MCUdude/MegaCore/jobs/683691850	push		false	master	92ec97338d287278e6f0fc67e846a1863bade4bd	6038cf6c29d9...92ec97338d28	Update corefiles	/home/travis/Arduino/hardware/MegaCore/avr/libraries/Wire/examples/SFRRanger_reader/SFRRanger_reader.ino	MegaCore:avr:640:bootloader=uart0,pinout=mega_pinout,BOD=2v7,LTO=Os,clock=1MHz_internal	1.6.13	5134	416	2	false	0	0		0	
2020-05-06 06:56:36	135	135.23	https://travis-ci.org/MCUdude/MegaCore/jobs/683691850	push		false	master	92ec97338d287278e6f0fc67e846a1863bade4bd	6038cf6c29d9...92ec97338d28	Update corefiles	/home/travis/Arduino/hardware/MegaCore/avr/libraries/Wire/examples/master_writer/master_writer.ino	MegaCore:avr:640:bootloader=uart0,pinout=mega_pinout,BOD=2v7,LTO=Os,clock=1MHz_internal	1.6.13	3084	230	2	false	0	0		0	
2020-05-06 06:56:41	135	135.23	https://travis-ci.org/MCUdude/MegaCore/jobs/683691850	push		false	master	92ec97338d287278e6f0fc67e846a1863bade4bd	6038cf6c29d9...92ec97338d28	Update corefiles	/home/travis/Arduino/hardware/MegaCore/avr/libraries/Wire/examples/digital_potentiometer/digital_potentiometer.ino	MegaCore:avr:640:bootloader=uart0,pinout=mega_pinout,BOD=2v7,LTO=Os,clock=1MHz_internal	1.6.13	3070	224	2	false	0	0		0	
2020-05-06 06:56:46	135	135.23	https://travis-ci.org/MCUdude/MegaCore/jobs/683691850	push		false	master	92ec97338d287278e6f0fc67e846a1863bade4bd	6038cf6c29d9...92ec97338d28	Update corefiles	/home/travis/Arduino/hardware/MegaCore/avr/libraries/Wire/examples/slave_receiver/slave_receiver.ino	MegaCore:avr:640:bootloader=uart0,pinout=mega_pinout,BOD=2v7,LTO=Os,clock=1MHz_internal	1.6.13	4500	413	3	false	0	0		0	
2020-05-06 06:56:51	135	135.23	https://travis-ci.org/MCUdude/MegaCore/jobs/683691850	push		false	master	92ec97338d287278e6f0fc67e846a1863bade4bd	6038cf6c29d9...92ec97338d28	Update corefiles	/home/travis/Arduino/hardware/MegaCore/avr/libraries/Wire/examples/master_reader/master_reader.ino	MegaCore:avr:640:bootloader=uart0,pinout=mega_pinout,BOD=2v7,LTO=Os,clock=1MHz_internal	1.6.13	4600	398	2	false	0	0		0	
2020-05-06 06:56:55	135	135.23	https://travis-ci.org/MCUdude/MegaCore/jobs/683691850	push		false	master	92ec97338d287278e6f0fc67e846a1863bade4bd	6038cf6c29d9...92ec97338d28	Update corefiles	/home/travis/Arduino/hardware/MegaCore/avr/libraries/Wire/examples/slave_sender/slave_sender.ino	MegaCore:avr:640:bootloader=uart0,pinout=mega_pinout,BOD=2v7,LTO=Os,clock=1MHz_internal	1.6.13	2872	230	2	false	0	0		0	
2020-05-06 06:57:01	135	135.23	https://travis-ci.org/MCUdude/MegaCore/jobs/683691850	push		false	master	92ec97338d287278e6f0fc67e846a1863bade4bd	6038cf6c29d9...92ec97338d28	Update corefiles	/home/travis/Arduino/hardware/MegaCore/avr/libraries/Ethernet/examples/UDPSendReceiveString/UDPSendReceiveString.ino	MegaCore:avr:640:bootloader=uart0,pinout=mega_pinout,BOD=2v7,LTO=Os,clock=1MHz_internal	1.8.6	12126	633	0	false	0	0		0	
2020-05-06 06:57:05	135	135.23	https://travis-ci.org/MCUdude/MegaCore/jobs/683691850	push		false	master	92ec97338d287278e6f0fc67e846a1863bade4bd	6038cf6c29d9...92ec97338d28	Update corefiles	/home/travis/Arduino/hardware/MegaCore/avr/libraries/Ethernet/examples/TwitterClient/TwitterClient.ino	MegaCore:avr:640:bootloader=uart0,pinout=mega_pinout,BOD=2v7,LTO=Os,clock=1MHz_internal	1.8.6	19254	906	0	false	0	0		0	
2020-05-06 06:57:08	135	135.23	https://travis-ci.org/MCUdude/MegaCore/jobs/683691850	push		false	master	92ec97338d287278e6f0fc67e846a1863bade4bd	6038cf6c29d9...92ec97338d28	Update corefiles	/home/travis/Arduino/hardware/MegaCore/avr/libraries/Ethernet/examples/WebClientRepeating/WebClientRepeating.ino	MegaCore:avr:640:bootloader=uart0,pinout=mega_pinout,BOD=2v7,LTO=Os,clock=1MHz_internal	1.8.6	17544	951	0	false	0	0		0	
2020-05-06 06:57:12	135	135.23	https://travis-ci.org/MCUdude/MegaCore/jobs/683691850	push		false	master	92ec97338d287278e6f0fc67e846a1863bade4bd	6038cf6c29d9...92ec97338d28	Update corefiles	/home/travis/Arduino/hardware/MegaCore/avr/libraries/Ethernet/examples/UdpNtpClient/UdpNtpClient.ino	MegaCore:avr:640:bootloader=uart0,pinout=mega_pinout,BOD=2v7,LTO=Os,clock=1MHz_internal	1.8.6	15570	817	0	false	0	0		0	
2020-05-06 06:57:15	135	135.23	https://travis-ci.org/MCUdude/MegaCore/jobs/683691850	push		false	master	92ec97338d287278e6f0fc67e846a1863bade4bd	6038cf6c29d9...92ec97338d28	Update corefiles	/home/travis/Arduino/hardware/MegaCore/avr/libraries/Ethernet/examples/WebClient/WebClient.ino	MegaCore:avr:640:bootloader=uart0,pinout=mega_pinout,BOD=2v7,LTO=Os,clock=1MHz_internal	1.8.6	19610	1001	0	false	0	0		0	
2020-05-06 06:57:19	135	135.23	https://travis-ci.org/MCUdude/MegaCore/jobs/683691850	push		false	master	92ec97338d287278e6f0fc67e846a1863bade4bd	6038cf6c29d9...92ec97338d28	Update corefiles	/home/travis/Arduino/hardware/MegaCore/avr/libraries/Ethernet/examples/ChatServer/ChatServer.ino	MegaCore:avr:640:bootloader=uart0,pinout=mega_pinout,BOD=2v7,LTO=Os,clock=1MHz_internal	1.8.6	14054	663	0	false	0	0		0	
2020-05-06 06:57:23	135	135.23	https://travis-ci.org/MCUdude/MegaCore/jobs/683691850	push		false	master	92ec97338d287278e6f0fc67e846a1863bade4bd	6038cf6c29d9...92ec97338d28	Update corefiles	/home/travis/Arduino/hardware/MegaCore/avr/libraries/Ethernet/examples/DhcpAddressPrinter/DhcpAddressPrinter.ino	MegaCore:avr:640:bootloader=uart0,pinout=mega_pinout,BOD=2v7,LTO=Os,clock=1MHz_internal	1.8.6	15282	784	0	false	0	0		0	
2020-05-06 06:57:26	135	135.23	https://travis-ci.org/MCUdude/MegaCore/jobs/683691850	push		false	master	92ec97338d287278e6f0fc67e846a1863bade4bd	6038cf6c29d9...92ec97338d28	Update corefiles	/home/travis/Arduino/hardware/MegaCore/avr/libraries/Ethernet/examples/XivelyClient/XivelyClient.ino	MegaCore:avr:640:bootloader=uart0,pinout=mega_pinout,BOD=2v7,LTO=Os,clock=1MHz_internal	1.8.6	17896	866	0	false	0	0		0	
2020-05-06 06:57:30	135	135.23	https://travis-ci.org/MCUdude/MegaCore/jobs/683691850	push		false	master	92ec97338d287278e6f0fc67e846a1863bade4bd	6038cf6c29d9...92ec97338d28	Update corefiles	/home/travis/Arduino/hardware/MegaCore/avr/libraries/Ethernet/examples/XivelyClientString/XivelyClientString.ino	MegaCore:avr:640:bootloader=uart0,pinout=mega_pinout,BOD=2v7,LTO=Os,clock=1MHz_internal	1.8.6	19722	886	0	false	0	0		0	
2020-05-06 06:57:34	135	135.23	https://travis-ci.org/MCUdude/MegaCore/jobs/683691850	push		false	master	92ec97338d287278e6f0fc67e846a1863bade4bd	6038cf6c29d9...92ec97338d28	Update corefiles	/home/travis/Arduino/hardware/MegaCore/avr/libraries/Ethernet/examples/LinkStatus/LinkStatus.ino	MegaCore:avr:640:bootloader=uart0,pinout=mega_pinout,BOD=2v7,LTO=Os,clock=1MHz_internal	1.8.6	5362	306	0	false	0	0		0	
2020-05-06 06:57:37	135	135.23	https://travis-ci.org/MCUdude/MegaCore/jobs/683691850	push		false	master	92ec97338d287278e6f0fc67e846a1863bade4bd	6038cf6c29d9...92ec97338d28	Update corefiles	/home/travis/Arduino/hardware/MegaCore/avr/libraries/Ethernet/examples/BarometricPressureWebServer/BarometricPressureWebServer.ino	MegaCore:avr:640:bootloader=uart0,pinout=mega_pinout,BOD=2v7,LTO=Os,clock=1MHz_internal	1.8.6	18636	724	2	false	0	0		0	
2020-05-06 06:57:41	135	135.23	https://travis-ci.org/MCUdude/MegaCore/jobs/683691850	push		false	master	92ec97338d287278e6f0fc67e846a1863bade4bd	6038cf6c29d9...92ec97338d28	Update corefiles	/home/travis/Arduino/hardware/MegaCore/avr/libraries/Ethernet/examples/DhcpChatServer/DhcpChatServer.ino	MegaCore:avr:640:bootloader=uart0,pinout=mega_pinout,BOD=2v7,LTO=Os,clock=1MHz_internal	1.8.6	18242	851	0	false	0	0		0	
2020-05-06 06:57:44	135	135.23	https://travis-ci.org/MCUdude/MegaCore/jobs/683691850	push		false	master	92ec97338d287278e6f0fc67e846a1863bade4bd	6038cf6c29d9...92ec97338d28	Update corefiles	/home/travis/Arduino/hardware/MegaCore/avr/libraries/Ethernet/examples/WebServer/WebServer.ino	MegaCore:avr:640:bootloader=uart0,pinout=mega_pinout,BOD=2v7,LTO=Os,clock=1MHz_internal	1.8.6	15024	786	0	false	0	0		0	
2020-05-06 06:57:48	135	135.23	https://travis-ci.org/MCUdude/MegaCore/jobs/683691850	push		false	master	92ec97338d287278e6f0fc67e846a1863bade4bd	6038cf6c29d9...92ec97338d28	Update corefiles	/home/travis/Arduino/hardware/MegaCore/avr/libraries/Ethernet/examples/TelnetClient/TelnetClient.ino	MegaCore:avr:640:bootloader=uart0,pinout=mega_pinout,BOD=2v7,LTO=Os,clock=1MHz_internal	1.8.6	13684	643	0	false	0	0		0	
2020-05-06 06:57:52	135	135.23	https://travis-ci.org/MCUdude/MegaCore/jobs/683691850	push		false	master	92ec97338d287278e6f0fc67e846a1863bade4bd	6038cf6c29d9...92ec97338d28	Update corefiles	/home/travis/Arduino/hardware/MegaCore/avr/libraries/Ethernet/examples/PachubeClient/PachubeClient.ino	MegaCore:avr:640:bootloader=uart0,pinout=mega_pinout,BOD=2v7,LTO=Os,clock=1MHz_internal	1.8.6	17898	868	0	false	0	0		0	
2020-05-06 06:57:55	135	135.23	https://travis-ci.org/MCUdude/MegaCore/jobs/683691850	push		false	master	92ec97338d287278e6f0fc67e846a1863bade4bd	6038cf6c29d9...92ec97338d28	Update corefiles	/home/travis/Arduino/hardware/MegaCore/avr/libraries/Ethernet/examples/PachubeClientString/PachubeClientString.ino	MegaCore:avr:640:bootloader=uart0,pinout=mega_pinout,BOD=2v7,LTO=Os,clock=1MHz_internal	1.8.6	19724	888	0	false	0	0		0	
2020-05-06 06:57:59	135	135.23	https://travis-ci.org/MCUdude/MegaCore/jobs/683691850	push		false	master	92ec97338d287278e6f0fc67e846a1863bade4bd	6038cf6c29d9...92ec97338d28	Update corefiles	/home/travis/Arduino/hardware/MegaCore/avr/libraries/Ethernet/examples/AdvancedChatServer/AdvancedChatServer.ino	MegaCore:avr:640:bootloader=uart0,pinout=mega_pinout,BOD=2v7,LTO=Os,clock=1MHz_internal	1.8.6	14814	812	0	false	0	0		0	
2020-05-06 06:58:01	135	135.23	https://travis-ci.org/MCUdude/MegaCore/jobs/683691850	push		false	master	92ec97338d287278e6f0fc67e846a1863bade4bd	6038cf6c29d9...92ec97338d28	Update corefiles	/home/travis/Arduino/hardware/MegaCore/avr/libraries/AVR_examples/examples/Blink_using_Timer0/Blink_using_Timer0.ino	MegaCore:avr:640:bootloader=uart0,pinout=mega_pinout,BOD=2v7,LTO=Os,clock=1MHz_internal	1.8.6	366	3	0	false	0	0		0	
2020-05-06 06:58:04	135	135.23	https://travis-ci.org/MCUdude/MegaCore/jobs/683691850	push		false	master	92ec97338d287278e6f0fc67e846a1863bade4bd	6038cf6c29d9...92ec97338d28	Update corefiles	/home/travis/Arduino/hardware/MegaCore/avr/libraries/AVR_examples/examples/Read_port_write_port/Read_port_write_port.ino	MegaCore:avr:640:bootloader=uart0,pinout=mega_pinout,BOD=2v7,LTO=Os,clock=1MHz_internal	1.8.6	268	0	0	false	0	0		0	
2020-05-06 06:58:07	135	135.23	https://travis-ci.org/MCUdude/MegaCore/jobs/683691850	push		false	master	92ec97338d287278e6f0fc67e846a1863bade4bd	6038cf6c29d9...92ec97338d28	Update corefiles	/home/travis/Arduino/hardware/MegaCore/avr/libraries/AVR_examples/examples/Measure_period_length/Measure_period_length.ino	MegaCore:avr:640:bootloader=uart0,pinout=mega_pinout,BOD=2v7,LTO=Os,clock=1MHz_internal	1.8.6	1916	202	0	false	0	0		0	
2020-05-06 06:58:10	135	135.23	https://travis-ci.org/MCUdude/MegaCore/jobs/683691850	push		false	master	92ec97338d287278e6f0fc67e846a1863bade4bd	6038cf6c29d9...92ec97338d28	Update corefiles	/home/travis/Arduino/hardware/MegaCore/avr/libraries/AVR_examples/examples/Watch_dog_timer/Watch_dog_timer.ino	MegaCore:avr:640:bootloader=uart0,pinout=mega_pinout,BOD=2v7,LTO=Os,clock=1MHz_internal	1.8.6	358	2	0	false	0	0		0	
2020-05-06 06:58:12	135	135.23	https://travis-ci.org/MCUdude/MegaCore/jobs/683691850	push		false	master	92ec97338d287278e6f0fc67e846a1863bade4bd	6038cf6c29d9...92ec97338d28	Update corefiles	/home/travis/Arduino/hardware/MegaCore/avr/libraries/AVR_examples/examples/Blink/Blink.ino	MegaCore:avr:640:bootloader=uart0,pinout=mega_pinout,BOD=2v7,LTO=Os,clock=1MHz_internal	1.8.6	300	0	0	false	0	0		0	
2020-05-06 06:58:16	135	135.23	https://travis-ci.org/MCUdude/MegaCore/jobs/683691850	push		false	master	92ec97338d287278e6f0fc67e846a1863bade4bd	6038cf6c29d9...92ec97338d28	Update corefiles	/home/travis/Arduino/hardware/MegaCore/avr/libraries/SD/examples/Datalogger/Datalogger.ino	MegaCore:avr:640:bootloader=uart0,pinout=mega_pinout,BOD=2v7,LTO=Os,clock=1MHz_internal	1.8.6	14460	945	5	false	0	0		0	
2020-05-06 06:58:19	135	135.23	https://travis-ci.org/MCUdude/MegaCore/jobs/683691850	push		false	master	92ec97338d287278e6f0fc67e846a1863bade4bd	6038cf6c29d9...92ec97338d28	Update corefiles	/home/travis/Arduino/hardware/MegaCore/avr/libraries/SD/examples/CardInfo/CardInfo.ino	MegaCore:avr:640:bootloader=uart0,pinout=mega_pinout,BOD=2v7,LTO=Os,clock=1MHz_internal	1.8.6	11918	1364	5	false	0	0		0	
2020-05-06 06:58:23	135	135.23	https://travis-ci.org/MCUdude/MegaCore/jobs/683691850	push		false	master	92ec97338d287278e6f0fc67e846a1863bade4bd	6038cf6c29d9...92ec97338d28	Update corefiles	/home/travis/Arduino/hardware/MegaCore/avr/libraries/SD/examples/ReadWrite/ReadWrite.ino	MegaCore:avr:640:bootloader=uart0,pinout=mega_pinout,BOD=2v7,LTO=Os,clock=1MHz_internal	1.8.6	13292	1014	5	false	0	0		0	
2020-05-06 06:58:26	135	135.23	https://travis-ci.org/MCUdude/MegaCore/jobs/683691850	push		false	master	92ec97338d287278e6f0fc67e846a1863bade4bd	6038cf6c29d9...92ec97338d28	Update corefiles	/home/travis/Arduino/hardware/MegaCore/avr/libraries/SD/examples/listfiles/listfiles.ino	MegaCore:avr:640:bootloader=uart0,pinout=mega_pinout,BOD=2v7,LTO=Os,clock=1MHz_internal	1.8.6	14032	950	5	false	0	0		0	
2020-05-06 06:58:30	135	135.23	https://travis-ci.org/MCUdude/MegaCore/jobs/683691850	push		false	master	92ec97338d287278e6f0fc67e846a1863bade4bd	6038cf6c29d9...92ec97338d28	Update corefiles	/home/travis/Arduino/hardware/MegaCore/avr/libraries/SD/examples/DumpFile/DumpFile.ino	MegaCore:avr:640:bootloader=uart0,pinout=mega_pinout,BOD=2v7,LTO=Os,clock=1MHz_internal	1.8.6	13020	943	5	false	0	0		0	
2020-05-06 06:58:33	135	135.23	https://travis-ci.org/MCUdude/MegaCore/jobs/683691850	push		false	master	92ec97338d287278e6f0fc67e846a1863bade4bd	6038cf6c29d9...92ec97338d28	Update corefiles	/home/travis/Arduino/hardware/MegaCore/avr/libraries/SD/examples/Files/Files.ino	MegaCore:avr:640:bootloader=uart0,pinout=mega_pinout,BOD=2v7,LTO=Os,clock=1MHz_internal	1.8.6	13972	1048	5	false	0	0		0	
2020-05-06 06:58:36	135	135.23	https://travis-ci.org/MCUdude/MegaCore/jobs/683691850	push		false	master	92ec97338d287278e6f0fc67e846a1863bade4bd	6038cf6c29d9...92ec97338d28	Update corefiles	/home/travis/Arduino/hardware/MegaCore/avr/libraries/SoftwareSerial/examples/SoftwareSerialExample/SoftwareSerialExample.ino	MegaCore:avr:640:bootloader=uart0,pinout=mega_pinout,BOD=2v7,LTO=Os,clock=1MHz_internal	1.8.6	5660	363	0	false	0	0		0	
2020-05-06 06:58:39	135	135.23	https://travis-ci.org/MCUdude/MegaCore/jobs/683691850	push		false	master	92ec97338d287278e6f0fc67e846a1863bade4bd	6038cf6c29d9...92ec97338d28	Update corefiles	/home/travis/Arduino/hardware/MegaCore/avr/libraries/SoftwareSerial/examples/TwoPortReceive/TwoPortReceive.ino	MegaCore:avr:640:bootloader=uart0,pinout=mega_pinout,BOD=2v7,LTO=Os,clock=1MHz_internal	1.8.6	5746	404	0	false	0	0		0	
2020-05-06 06:58:42	135	135.23	https://travis-ci.org/MCUdude/MegaCore/jobs/683691850	push		false	master	92ec97338d287278e6f0fc67e846a1863bade4bd	6038cf6c29d9...92ec97338d28	Update corefiles	/home/travis/Arduino/hardware/MegaCore/avr/libraries/Servo/examples/Knob/Knob.ino	MegaCore:avr:640:bootloader=uart0,pinout=mega_pinout,BOD=2v7,LTO=Os,clock=1MHz_internal	1.8.6	3680	167	0	false	0	0		0	
2020-05-06 06:58:45	135	135.23	https://travis-ci.org/MCUdude/MegaCore/jobs/683691850	push		false	master	92ec97338d287278e6f0fc67e846a1863bade4bd	6038cf6c29d9...92ec97338d28	Update corefiles	/home/travis/Arduino/hardware/MegaCore/avr/libraries/Servo/examples/Sweep/Sweep.ino	MegaCore:avr:640:bootloader=uart0,pinout=mega_pinout,BOD=2v7,LTO=Os,clock=1MHz_internal	1.8.6	3586	163	0	false	0	0		0	
2020-05-06 06:58:47	135	135.23	https://travis-ci.org/MCUdude/MegaCore/jobs/683691850	push		false	master	92ec97338d287278e6f0fc67e846a1863bade4bd	6038cf6c29d9...92ec97338d28	Update corefiles	/home/travis/Arduino/hardware/MegaCore/avr/libraries/EEPROM/examples/eeprom_get/eeprom_get.ino	MegaCore:avr:640:bootloader=uart0,pinout=mega_pinout,BOD=2v7,LTO=Os,clock=1MHz_internal	1.8.6	4196	258	0	false	0	0		0	
2020-05-06 06:58:50	135	135.23	https://travis-ci.org/MCUdude/MegaCore/jobs/683691850	push		false	master	92ec97338d287278e6f0fc67e846a1863bade4bd	6038cf6c29d9...92ec97338d28	Update corefiles	/home/travis/Arduino/hardware/MegaCore/avr/libraries/EEPROM/examples/eeprom_crc/eeprom_crc.ino	MegaCore:avr:640:bootloader=uart0,pinout=mega_pinout,BOD=2v7,LTO=Os,clock=1MHz_internal	1.8.6	2718	312	0	false	0	0		0	
2020-05-06 06:58:53	135	135.23	https://travis-ci.org/MCUdude/MegaCore/jobs/683691850	push		false	master	92ec97338d287278e6f0fc67e846a1863bade4bd	6038cf6c29d9...92ec97338d28	Update corefiles	/home/travis/Arduino/hardware/MegaCore/avr/libraries/EEPROM/examples/eeprom_read/eeprom_read.ino	MegaCore:avr:640:bootloader=uart0,pinout=mega_pinout,BOD=2v7,LTO=Os,clock=1MHz_internal	1.8.6	2492	205	0	false	0	0		0	
2020-05-06 06:58:55	135	135.23	https://travis-ci.org/MCUdude/MegaCore/jobs/683691850	push		false	master	92ec97338d287278e6f0fc67e846a1863bade4bd	6038cf6c29d9...92ec97338d28	Update corefiles	/home/travis/Arduino/hardware/MegaCore/avr/libraries/EEPROM/examples/eeprom_clear/eeprom_clear.ino	MegaCore:avr:640:bootloader=uart0,pinout=mega_pinout,BOD=2v7,LTO=Os,clock=1MHz_internal	1.8.6	1304	9	0	false	0	0		0	
2020-05-06 06:58:58	135	135.23	https://travis-ci.org/MCUdude/MegaCore/jobs/683691850	push		false	master	92ec97338d287278e6f0fc67e846a1863bade4bd	6038cf6c29d9...92ec97338d28	Update corefiles	/home/travis/Arduino/hardware/MegaCore/avr/libraries/EEPROM/examples/eeprom_write/eeprom_write.ino	MegaCore:avr:640:bootloader=uart0,pinout=mega_pinout,BOD=2v7,LTO=Os,clock=1MHz_internal	1.8.6	1054	13	0	false	0	0		0	
2020-05-06 06:59:01	135	135.23	https://travis-ci.org/MCUdude/MegaCore/jobs/683691850	push		false	master	92ec97338d287278e6f0fc67e846a1863bade4bd	6038cf6c29d9...92ec97338d28	Update corefiles	/home/travis/Arduino/hardware/MegaCore/avr/libraries/EEPROM/examples/eeprom_iteration/eeprom_iteration.ino	MegaCore:avr:640:bootloader=uart0,pinout=mega_pinout,BOD=2v7,LTO=Os,clock=1MHz_internal	1.8.6	856	9	0	false	0	0		0	
2020-05-06 06:59:03	135	135.23	https://travis-ci.org/MCUdude/MegaCore/jobs/683691850	push		false	master	92ec97338d287278e6f0fc67e846a1863bade4bd	6038cf6c29d9...92ec97338d28	Update corefiles	/home/travis/Arduino/hardware/MegaCore/avr/libraries/EEPROM/examples/eeprom_update/eeprom_update.ino	MegaCore:avr:640:bootloader=uart0,pinout=mega_pinout,BOD=2v7,LTO=Os,clock=1MHz_internal	1.8.6	1104	13	0	false	0	0		0	
2020-05-06 06:59:06	135	135.23	https://travis-ci.org/MCUdude/MegaCore/jobs/683691850	push		false	master	92ec97338d287278e6f0fc67e846a1863bade4bd	6038cf6c29d9...92ec97338d28	Update corefiles	/home/travis/Arduino/hardware/MegaCore/avr/libraries/EEPROM/examples/eeprom_put/eeprom_put.ino	MegaCore:avr:640:bootloader=uart0,pinout=mega_pinout,BOD=2v7,LTO=Os,clock=1MHz_internal	1.8.6	2416	342	0	false	0	0		0	
2020-05-06 06:59:09	135	135.23	https://travis-ci.org/MCUdude/MegaCore/jobs/683691850	push		false	master	92ec97338d287278e6f0fc67e846a1863bade4bd	6038cf6c29d9...92ec97338d28	Update corefiles	/home/travis/Arduino/hardware/MegaCore/avr/libraries/Optiboot_flasher/examples/SerialReadWrite/SerialReadWrite.ino	MegaCore:avr:640:bootloader=uart0,pinout=mega_pinout,BOD=2v7,LTO=Os,clock=1MHz_internal	1.8.6	8022	461	0	false	0	0		0	
2020-05-06 06:59:12	135	135.23	https://travis-ci.org/MCUdude/MegaCore/jobs/683691850	push		false	master	92ec97338d287278e6f0fc67e846a1863bade4bd	6038cf6c29d9...92ec97338d28	Update corefiles	/home/travis/Arduino/hardware/MegaCore/avr/libraries/Timer/examples/Events/Events.ino	MegaCore:avr:640:bootloader=uart0,pinout=mega_pinout,BOD=2v7,LTO=Os,clock=1MHz_internal	1.8.6	4372	552	0	false	0	0		0	
2020-05-06 06:59:15	135	135.23	https://travis-ci.org/MCUdude/MegaCore/jobs/683691850	push		false	master	92ec97338d287278e6f0fc67e846a1863bade4bd	6038cf6c29d9...92ec97338d28	Update corefiles	/home/travis/Arduino/hardware/MegaCore/avr/libraries/Timer/examples/Pin_high_10_minutes/Pin_high_10_minutes.ino	MegaCore:avr:640:bootloader=uart0,pinout=mega_pinout,BOD=2v7,LTO=Os,clock=1MHz_internal	1.8.6	1986	205	1	false	0	0		0	
2020-05-06 06:59:18	135	135.23	https://travis-ci.org/MCUdude/MegaCore/jobs/683691850	push		false	master	92ec97338d287278e6f0fc67e846a1863bade4bd	6038cf6c29d9...92ec97338d28	Update corefiles	/home/travis/Arduino/hardware/MegaCore/avr/libraries/Timer/examples/Multitasking/Multitasking.ino	MegaCore:avr:640:bootloader=uart0,pinout=mega_pinout,BOD=2v7,LTO=Os,clock=1MHz_internal	1.8.6	3936	456	1	false	0	0		0	
2020-05-06 06:59:20	135	135.23	https://travis-ci.org/MCUdude/MegaCore/jobs/683691850	push		false	master	92ec97338d287278e6f0fc67e846a1863bade4bd	6038cf6c29d9...92ec97338d28	Update corefiles	/home/travis/Arduino/hardware/MegaCore/avr/libraries/Timer/examples/TimerTest/TimerTest.ino	MegaCore:avr:640:bootloader=uart0,pinout=mega_pinout,BOD=2v7,LTO=Os,clock=1MHz_internal	1.8.6	1950	203	0	false	0	0		0	
2020-05-06 06:59:23	135	135.23	https://travis-ci.org/MCUdude/MegaCore/jobs/683691850	push		false	master	92ec97338d287278e6f0fc67e846a1863bade4bd	6038cf6c29d9...92ec97338d28	Update corefiles	/home/travis/Arduino/hardware/MegaCore/avr/libraries/SPI/examples/BarometricPressureSensor/BarometricPressureSensor.ino	MegaCore:avr:640:bootloader=uart0,pinout=mega_pinout,BOD=2v7,LTO=Os,clock=1MHz_internal	1.8.6	7282	237	1	false	0	0		0	
2020-05-06 06:59:26	135	135.23	https://travis-ci.org/MCUdude/MegaCore/jobs/683691850	push		false	master	92ec97338d287278e6f0fc67e846a1863bade4bd	6038cf6c29d9...92ec97338d28	Update corefiles	/home/travis/Arduino/hardware/MegaCore/avr/libraries/SPI/examples/DigitalPotControl/DigitalPotControl.ino	MegaCore:avr:640:bootloader=uart0,pinout=mega_pinout,BOD=2v7,LTO=Os,clock=1MHz_internal	1.8.6	1880	10	0	false	0	0		0	
2020-05-06 06:59:29	135	135.23	https://travis-ci.org/MCUdude/MegaCore/jobs/683691850	push		false	master	92ec97338d287278e6f0fc67e846a1863bade4bd	6038cf6c29d9...92ec97338d28	Update corefiles	/home/travis/Arduino/hardware/MegaCore/avr/libraries/Wire/examples/i2c_scanner/i2c_scanner.ino	MegaCore:avr:640:bootloader=uart0,pinout=mega_pinout,BOD=2v7,LTO=Os,clock=1MHz_internal	1.8.6	4842	532	2	false	0	0		0	
2020-05-06 06:59:32	135	135.23	https://travis-ci.org/MCUdude/MegaCore/jobs/683691850	push		false	master	92ec97338d287278e6f0fc67e846a1863bade4bd	6038cf6c29d9...92ec97338d28	Update corefiles	/home/travis/Arduino/hardware/MegaCore/avr/libraries/Wire/examples/SFRRanger_reader/SFRRanger_reader.ino	MegaCore:avr:640:bootloader=uart0,pinout=mega_pinout,BOD=2v7,LTO=Os,clock=1MHz_internal	1.8.6	5136	416	2	false	0	0		0	
2020-05-06 06:59:35	135	135.23	https://travis-ci.org/MCUdude/MegaCore/jobs/683691850	push		false	master	92ec97338d287278e6f0fc67e846a1863bade4bd	6038cf6c29d9...92ec97338d28	Update corefiles	/home/travis/Arduino/hardware/MegaCore/avr/libraries/Wire/examples/master_writer/master_writer.ino	MegaCore:avr:640:bootloader=uart0,pinout=mega_pinout,BOD=2v7,LTO=Os,clock=1MHz_internal	1.8.6	3076	230	2	false	0	0		0	
2020-05-06 06:59:38	135	135.23	https://travis-ci.org/MCUdude/MegaCore/jobs/683691850	push		false	master	92ec97338d287278e6f0fc67e846a1863bade4bd	6038cf6c29d9...92ec97338d28	Update corefiles	/home/travis/Arduino/hardware/MegaCore/avr/libraries/Wire/examples/digital_potentiometer/digital_potentiometer.ino	MegaCore:avr:640:bootloader=uart0,pinout=mega_pinout,BOD=2v7,LTO=Os,clock=1MHz_internal	1.8.6	3074	224	2	false	0	0		0	
2020-05-06 06:59:41	135	135.23	https://travis-ci.org/MCUdude/MegaCore/jobs/683691850	push		false	master	92ec97338d287278e6f0fc67e846a1863bade4bd	6038cf6c29d9...92ec97338d28	Update corefiles	/home/travis/Arduino/hardware/MegaCore/avr/libraries/Wire/examples/slave_receiver/slave_receiver.ino	MegaCore:avr:640:bootloader=uart0,pinout=mega_pinout,BOD=2v7,LTO=Os,clock=1MHz_internal	1.8.6	4488	413	3	false	0	0		0	
2020-05-06 06:59:44	135	135.23	https://travis-ci.org/MCUdude/MegaCore/jobs/683691850	push		false	master	92ec97338d287278e6f0fc67e846a1863bade4bd	6038cf6c29d9...92ec97338d28	Update corefiles	/home/travis/Arduino/hardware/MegaCore/avr/libraries/Wire/examples/master_reader/master_reader.ino	MegaCore:avr:640:bootloader=uart0,pinout=mega_pinout,BOD=2v7,LTO=Os,clock=1MHz_internal	1.8.6	4602	398	2	false	0	0		0	
2020-05-06 06:59:47	135	135.23	https://travis-ci.org/MCUdude/MegaCore/jobs/683691850	push		false	master	92ec97338d287278e6f0fc67e846a1863bade4bd	6038cf6c29d9...92ec97338d28	Update corefiles	/home/travis/Arduino/hardware/MegaCore/avr/libraries/Wire/examples/slave_sender/slave_sender.ino	MegaCore:avr:640:bootloader=uart0,pinout=mega_pinout,BOD=2v7,LTO=Os,clock=1MHz_internal	1.8.6	2850	230	2	false	0	0		0	
2020-05-06 06:59:54	135	135.23	https://travis-ci.org/MCUdude/MegaCore/jobs/683691850	push		false	master	92ec97338d287278e6f0fc67e846a1863bade4bd	6038cf6c29d9...92ec97338d28	Update corefiles	/home/travis/Arduino/hardware/MegaCore/avr/libraries/Ethernet/examples/UDPSendReceiveString/UDPSendReceiveString.ino	MegaCore:avr:640:bootloader=uart0,pinout=mega_pinout,BOD=2v7,LTO=Os,clock=1MHz_internal	1.8.12	12046	621	1	false	0	0		0	
2020-05-06 06:59:58	135	135.23	https://travis-ci.org/MCUdude/MegaCore/jobs/683691850	push		false	master	92ec97338d287278e6f0fc67e846a1863bade4bd	6038cf6c29d9...92ec97338d28	Update corefiles	/home/travis/Arduino/hardware/MegaCore/avr/libraries/Ethernet/examples/TwitterClient/TwitterClient.ino	MegaCore:avr:640:bootloader=uart0,pinout=mega_pinout,BOD=2v7,LTO=Os,clock=1MHz_internal	1.8.12	19144	894	1	false	0	0		0	
2020-05-06 07:00:02	135	135.23	https://travis-ci.org/MCUdude/MegaCore/jobs/683691850	push		false	master	92ec97338d287278e6f0fc67e846a1863bade4bd	6038cf6c29d9...92ec97338d28	Update corefiles	/home/travis/Arduino/hardware/MegaCore/avr/libraries/Ethernet/examples/WebClientRepeating/WebClientRepeating.ino	MegaCore:avr:640:bootloader=uart0,pinout=mega_pinout,BOD=2v7,LTO=Os,clock=1MHz_internal	1.8.12	17442	939	1	false	0	0		0	
2020-05-06 07:00:06	135	135.23	https://travis-ci.org/MCUdude/MegaCore/jobs/683691850	push		false	master	92ec97338d287278e6f0fc67e846a1863bade4bd	6038cf6c29d9...92ec97338d28	Update corefiles	/home/travis/Arduino/hardware/MegaCore/avr/libraries/Ethernet/examples/UdpNtpClient/UdpNtpClient.ino	MegaCore:avr:640:bootloader=uart0,pinout=mega_pinout,BOD=2v7,LTO=Os,clock=1MHz_internal	1.8.12	15482	805	1	false	0	0		0	
2020-05-06 07:00:10	135	135.23	https://travis-ci.org/MCUdude/MegaCore/jobs/683691850	push		false	master	92ec97338d287278e6f0fc67e846a1863bade4bd	6038cf6c29d9...92ec97338d28	Update corefiles	/home/travis/Arduino/hardware/MegaCore/avr/libraries/Ethernet/examples/WebClient/WebClient.ino	MegaCore:avr:640:bootloader=uart0,pinout=mega_pinout,BOD=2v7,LTO=Os,clock=1MHz_internal	1.8.12	19540	1001	1	false	0	0		0	
2020-05-06 07:00:14	135	135.23	https://travis-ci.org/MCUdude/MegaCore/jobs/683691850	push		false	master	92ec97338d287278e6f0fc67e846a1863bade4bd	6038cf6c29d9...92ec97338d28	Update corefiles	/home/travis/Arduino/hardware/MegaCore/avr/libraries/Ethernet/examples/ChatServer/ChatServer.ino	MegaCore:avr:640:bootloader=uart0,pinout=mega_pinout,BOD=2v7,LTO=Os,clock=1MHz_internal	1.8.12	13966	651	1	false	0	0		0	
2020-05-06 07:00:19	135	135.23	https://travis-ci.org/MCUdude/MegaCore/jobs/683691850	push		false	master	92ec97338d287278e6f0fc67e846a1863bade4bd	6038cf6c29d9...92ec97338d28	Update corefiles	/home/travis/Arduino/hardware/MegaCore/avr/libraries/Ethernet/examples/DhcpAddressPrinter/DhcpAddressPrinter.ino	MegaCore:avr:640:bootloader=uart0,pinout=mega_pinout,BOD=2v7,LTO=Os,clock=1MHz_internal	1.8.12	15198	772	1	false	0	0		0	
2020-05-06 07:00:23	135	135.23	https://travis-ci.org/MCUdude/MegaCore/jobs/683691850	push		false	master	92ec97338d287278e6f0fc67e846a1863bade4bd	6038cf6c29d9...92ec97338d28	Update corefiles	/home/travis/Arduino/hardware/MegaCore/avr/libraries/Ethernet/examples/XivelyClient/XivelyClient.ino	MegaCore:avr:640:bootloader=uart0,pinout=mega_pinout,BOD=2v7,LTO=Os,clock=1MHz_internal	1.8.12	17786	854	1	false	0	0		0	
2020-05-06 07:00:27	135	135.23	https://travis-ci.org/MCUdude/MegaCore/jobs/683691850	push		false	master	92ec97338d287278e6f0fc67e846a1863bade4bd	6038cf6c29d9...92ec97338d28	Update corefiles	/home/travis/Arduino/hardware/MegaCore/avr/libraries/Ethernet/examples/XivelyClientString/XivelyClientString.ino	MegaCore:avr:640:bootloader=uart0,pinout=mega_pinout,BOD=2v7,LTO=Os,clock=1MHz_internal	1.8.12	19600	874	1	false	0	0		0	
2020-05-06 07:00:31	135	135.23	https://travis-ci.org/MCUdude/MegaCore/jobs/683691850	push		false	master	92ec97338d287278e6f0fc67e846a1863bade4bd	6038cf6c29d9...92ec97338d28	Update corefiles	/home/travis/Arduino/hardware/MegaCore/avr/libraries/Ethernet/examples/LinkStatus/LinkStatus.ino	MegaCore:avr:640:bootloader=uart0,pinout=mega_pinout,BOD=2v7,LTO=Os,clock=1MHz_internal	1.8.12	5308	294	1	false	0	0		0	
2020-05-06 07:00:35	135	135.23	https://travis-ci.org/MCUdude/MegaCore/jobs/683691850	push		false	master	92ec97338d287278e6f0fc67e846a1863bade4bd	6038cf6c29d9...92ec97338d28	Update corefiles	/home/travis/Arduino/hardware/MegaCore/avr/libraries/Ethernet/examples/BarometricPressureWebServer/BarometricPressureWebServer.ino	MegaCore:avr:640:bootloader=uart0,pinout=mega_pinout,BOD=2v7,LTO=Os,clock=1MHz_internal	1.8.12	18534	724	3	false	0	0		0	
2020-05-06 07:00:39	135	135.23	https://travis-ci.org/MCUdude/MegaCore/jobs/683691850	push		false	master	92ec97338d287278e6f0fc67e846a1863bade4bd	6038cf6c29d9...92ec97338d28	Update corefiles	/home/travis/Arduino/hardware/MegaCore/avr/libraries/Ethernet/examples/DhcpChatServer/DhcpChatServer.ino	MegaCore:avr:640:bootloader=uart0,pinout=mega_pinout,BOD=2v7,LTO=Os,clock=1MHz_internal	1.8.12	18154	839	1	false	0	0		0	
2020-05-06 07:00:43	135	135.23	https://travis-ci.org/MCUdude/MegaCore/jobs/683691850	push		false	master	92ec97338d287278e6f0fc67e846a1863bade4bd	6038cf6c29d9...92ec97338d28	Update corefiles	/home/travis/Arduino/hardware/MegaCore/avr/libraries/Ethernet/examples/WebServer/WebServer.ino	MegaCore:avr:640:bootloader=uart0,pinout=mega_pinout,BOD=2v7,LTO=Os,clock=1MHz_internal	1.8.12	14928	774	1	false	0	0		0	
2020-05-06 07:00:47	135	135.23	https://travis-ci.org/MCUdude/MegaCore/jobs/683691850	push		false	master	92ec97338d287278e6f0fc67e846a1863bade4bd	6038cf6c29d9...92ec97338d28	Update corefiles	/home/travis/Arduino/hardware/MegaCore/avr/libraries/Ethernet/examples/TelnetClient/TelnetClient.ino	MegaCore:avr:640:bootloader=uart0,pinout=mega_pinout,BOD=2v7,LTO=Os,clock=1MHz_internal	1.8.12	13572	631	1	false	0	0		0	
2020-05-06 07:00:52	135	135.23	https://travis-ci.org/MCUdude/MegaCore/jobs/683691850	push		false	master	92ec97338d287278e6f0fc67e846a1863bade4bd	6038cf6c29d9...92ec97338d28	Update corefiles	/home/travis/Arduino/hardware/MegaCore/avr/libraries/Ethernet/examples/PachubeClient/PachubeClient.ino	MegaCore:avr:640:bootloader=uart0,pinout=mega_pinout,BOD=2v7,LTO=Os,clock=1MHz_internal	1.8.12	17788	856	1	false	0	0		0	
2020-05-06 07:00:56	135	135.23	https://travis-ci.org/MCUdude/MegaCore/jobs/683691850	push		false	master	92ec97338d287278e6f0fc67e846a1863bade4bd	6038cf6c29d9...92ec97338d28	Update corefiles	/home/travis/Arduino/hardware/MegaCore/avr/libraries/Ethernet/examples/PachubeClientString/PachubeClientString.ino	MegaCore:avr:640:bootloader=uart0,pinout=mega_pinout,BOD=2v7,LTO=Os,clock=1MHz_internal	1.8.12	19602	876	1	false	0	0		0	
2020-05-06 07:01:00	135	135.23	https://travis-ci.org/MCUdude/MegaCore/jobs/683691850	push		false	master	92ec97338d287278e6f0fc67e846a1863bade4bd	6038cf6c29d9...92ec97338d28	Update corefiles	/home/travis/Arduino/hardware/MegaCore/avr/libraries/Ethernet/examples/AdvancedChatServer/AdvancedChatServer.ino	MegaCore:avr:640:bootloader=uart0,pinout=mega_pinout,BOD=2v7,LTO=Os,clock=1MHz_internal	1.8.12	14780	800	1	false	0	0		0	
2020-05-06 07:01:03	135	135.23	https://travis-ci.org/MCUdude/MegaCore/jobs/683691850	push		false	master	92ec97338d287278e6f0fc67e846a1863bade4bd	6038cf6c29d9...92ec97338d28	Update corefiles	/home/travis/Arduino/hardware/MegaCore/avr/libraries/AVR_examples/examples/Blink_using_Timer0/Blink_using_Timer0.ino	MegaCore:avr:640:bootloader=uart0,pinout=mega_pinout,BOD=2v7,LTO=Os,clock=1MHz_internal	1.8.12	366	3	0	false	0	0		0	
2020-05-06 07:01:06	135	135.23	https://travis-ci.org/MCUdude/MegaCore/jobs/683691850	push		false	master	92ec97338d287278e6f0fc67e846a1863bade4bd	6038cf6c29d9...92ec97338d28	Update corefiles	/home/travis/Arduino/hardware/MegaCore/avr/libraries/AVR_examples/examples/Read_port_write_port/Read_port_write_port.ino	MegaCore:avr:640:bootloader=uart0,pinout=mega_pinout,BOD=2v7,LTO=Os,clock=1MHz_internal	1.8.12	268	0	0	false	0	0		0	
2020-05-06 07:01:09	135	135.23	https://travis-ci.org/MCUdude/MegaCore/jobs/683691850	push		false	master	92ec97338d287278e6f0fc67e846a1863bade4bd	6038cf6c29d9...92ec97338d28	Update corefiles	/home/travis/Arduino/hardware/MegaCore/avr/libraries/AVR_examples/examples/Measure_period_length/Measure_period_length.ino	MegaCore:avr:640:bootloader=uart0,pinout=mega_pinout,BOD=2v7,LTO=Os,clock=1MHz_internal	1.8.12	1894	190	0	false	0	0		0	
2020-05-06 07:01:12	135	135.23	https://travis-ci.org/MCUdude/MegaCore/jobs/683691850	push		false	master	92ec97338d287278e6f0fc67e846a1863bade4bd	6038cf6c29d9...92ec97338d28	Update corefiles	/home/travis/Arduino/hardware/MegaCore/avr/libraries/AVR_examples/examples/Watch_dog_timer/Watch_dog_timer.ino	MegaCore:avr:640:bootloader=uart0,pinout=mega_pinout,BOD=2v7,LTO=Os,clock=1MHz_internal	1.8.12	358	2	0	false	0	0		0	
2020-05-06 07:01:16	135	135.23	https://travis-ci.org/MCUdude/MegaCore/jobs/683691850	push		false	master	92ec97338d287278e6f0fc67e846a1863bade4bd	6038cf6c29d9...92ec97338d28	Update corefiles	/home/travis/Arduino/hardware/MegaCore/avr/libraries/AVR_examples/examples/Blink/Blink.ino	MegaCore:avr:640:bootloader=uart0,pinout=mega_pinout,BOD=2v7,LTO=Os,clock=1MHz_internal	1.8.12	300	0	0	false	0	0		0	
2020-05-06 07:01:20	135	135.23	https://travis-ci.org/MCUdude/MegaCore/jobs/683691850	push		false	master	92ec97338d287278e6f0fc67e846a1863bade4bd	6038cf6c29d9...92ec97338d28	Update corefiles	/home/travis/Arduino/hardware/MegaCore/avr/libraries/SD/examples/Datalogger/Datalogger.ino	MegaCore:avr:640:bootloader=uart0,pinout=mega_pinout,BOD=2v7,LTO=Os,clock=1MHz_internal	1.8.12	14356	933	5	false	0	0		0	
2020-05-06 07:01:24	135	135.23	https://travis-ci.org/MCUdude/MegaCore/jobs/683691850	push		false	master	92ec97338d287278e6f0fc67e846a1863bade4bd	6038cf6c29d9...92ec97338d28	Update corefiles	/home/travis/Arduino/hardware/MegaCore/avr/libraries/SD/examples/CardInfo/CardInfo.ino	MegaCore:avr:640:bootloader=uart0,pinout=mega_pinout,BOD=2v7,LTO=Os,clock=1MHz_internal	1.8.12	11854	1352	5	false	0	0		0	
2020-05-06 07:01:27	135	135.23	https://travis-ci.org/MCUdude/MegaCore/jobs/683691850	push		false	master	92ec97338d287278e6f0fc67e846a1863bade4bd	6038cf6c29d9...92ec97338d28	Update corefiles	/home/travis/Arduino/hardware/MegaCore/avr/libraries/SD/examples/ReadWrite/ReadWrite.ino	MegaCore:avr:640:bootloader=uart0,pinout=mega_pinout,BOD=2v7,LTO=Os,clock=1MHz_internal	1.8.12	13240	1002	5	false	0	0		0	
2020-05-06 07:01:31	135	135.23	https://travis-ci.org/MCUdude/MegaCore/jobs/683691850	push		false	master	92ec97338d287278e6f0fc67e846a1863bade4bd	6038cf6c29d9...92ec97338d28	Update corefiles	/home/travis/Arduino/hardware/MegaCore/avr/libraries/SD/examples/listfiles/listfiles.ino	MegaCore:avr:640:bootloader=uart0,pinout=mega_pinout,BOD=2v7,LTO=Os,clock=1MHz_internal	1.8.12	14058	938	5	false	0	0		0	
2020-05-06 07:01:35	135	135.23	https://travis-ci.org/MCUdude/MegaCore/jobs/683691850	push		false	master	92ec97338d287278e6f0fc67e846a1863bade4bd	6038cf6c29d9...92ec97338d28	Update corefiles	/home/travis/Arduino/hardware/MegaCore/avr/libraries/SD/examples/DumpFile/DumpFile.ino	MegaCore:avr:640:bootloader=uart0,pinout=mega_pinout,BOD=2v7,LTO=Os,clock=1MHz_internal	1.8.12	12968	931	5	false	0	0		0	
2020-05-06 07:01:39	135	135.23	https://travis-ci.org/MCUdude/MegaCore/jobs/683691850	push		false	master	92ec97338d287278e6f0fc67e846a1863bade4bd	6038cf6c29d9...92ec97338d28	Update corefiles	/home/travis/Arduino/hardware/MegaCore/avr/libraries/SD/examples/Files/Files.ino	MegaCore:avr:640:bootloader=uart0,pinout=mega_pinout,BOD=2v7,LTO=Os,clock=1MHz_internal	1.8.12	13914	1036	5	false	0	0		0	
2020-05-06 07:01:43	135	135.23	https://travis-ci.org/MCUdude/MegaCore/jobs/683691850	push		false	master	92ec97338d287278e6f0fc67e846a1863bade4bd	6038cf6c29d9...92ec97338d28	Update corefiles	/home/travis/Arduino/hardware/MegaCore/avr/libraries/SoftwareSerial/examples/SoftwareSerialExample/SoftwareSerialExample.ino	MegaCore:avr:640:bootloader=uart0,pinout=mega_pinout,BOD=2v7,LTO=Os,clock=1MHz_internal	1.8.12	5634	351	0	false	0	0		0	
2020-05-06 07:01:46	135	135.23	https://travis-ci.org/MCUdude/MegaCore/jobs/683691850	push		false	master	92ec97338d287278e6f0fc67e846a1863bade4bd	6038cf6c29d9...92ec97338d28	Update corefiles	/home/travis/Arduino/hardware/MegaCore/avr/libraries/SoftwareSerial/examples/TwoPortReceive/TwoPortReceive.ino	MegaCore:avr:640:bootloader=uart0,pinout=mega_pinout,BOD=2v7,LTO=Os,clock=1MHz_internal	1.8.12	5720	392	0	false	0	0		0	
2020-05-06 07:01:49	135	135.23	https://travis-ci.org/MCUdude/MegaCore/jobs/683691850	push		false	master	92ec97338d287278e6f0fc67e846a1863bade4bd	6038cf6c29d9...92ec97338d28	Update corefiles	/home/travis/Arduino/hardware/MegaCore/avr/libraries/Servo/examples/Knob/Knob.ino	MegaCore:avr:640:bootloader=uart0,pinout=mega_pinout,BOD=2v7,LTO=Os,clock=1MHz_internal	1.8.12	3626	167	0	false	0	0		0	
2020-05-06 07:01:52	135	135.23	https://travis-ci.org/MCUdude/MegaCore/jobs/683691850	push		false	master	92ec97338d287278e6f0fc67e846a1863bade4bd	6038cf6c29d9...92ec97338d28	Update corefiles	/home/travis/Arduino/hardware/MegaCore/avr/libraries/Servo/examples/Sweep/Sweep.ino	MegaCore:avr:640:bootloader=uart0,pinout=mega_pinout,BOD=2v7,LTO=Os,clock=1MHz_internal	1.8.12	3538	163	0	false	0	0		0	
2020-05-06 07:01:55	135	135.23	https://travis-ci.org/MCUdude/MegaCore/jobs/683691850	push		false	master	92ec97338d287278e6f0fc67e846a1863bade4bd	6038cf6c29d9...92ec97338d28	Update corefiles	/home/travis/Arduino/hardware/MegaCore/avr/libraries/EEPROM/examples/eeprom_get/eeprom_get.ino	MegaCore:avr:640:bootloader=uart0,pinout=mega_pinout,BOD=2v7,LTO=Os,clock=1MHz_internal	1.8.12	4192	258	0	false	0	0		0	
2020-05-06 07:01:58	135	135.23	https://travis-ci.org/MCUdude/MegaCore/jobs/683691850	push		false	master	92ec97338d287278e6f0fc67e846a1863bade4bd	6038cf6c29d9...92ec97338d28	Update corefiles	/home/travis/Arduino/hardware/MegaCore/avr/libraries/EEPROM/examples/eeprom_crc/eeprom_crc.ino	MegaCore:avr:640:bootloader=uart0,pinout=mega_pinout,BOD=2v7,LTO=Os,clock=1MHz_internal	1.8.12	2692	300	0	false	0	0		0	
2020-05-06 07:02:01	135	135.23	https://travis-ci.org/MCUdude/MegaCore/jobs/683691850	push		false	master	92ec97338d287278e6f0fc67e846a1863bade4bd	6038cf6c29d9...92ec97338d28	Update corefiles	/home/travis/Arduino/hardware/MegaCore/avr/libraries/EEPROM/examples/eeprom_read/eeprom_read.ino	MegaCore:avr:640:bootloader=uart0,pinout=mega_pinout,BOD=2v7,LTO=Os,clock=1MHz_internal	1.8.12	2458	193	0	false	0	0		0	
2020-05-06 07:02:04	135	135.23	https://travis-ci.org/MCUdude/MegaCore/jobs/683691850	push		false	master	92ec97338d287278e6f0fc67e846a1863bade4bd	6038cf6c29d9...92ec97338d28	Update corefiles	/home/travis/Arduino/hardware/MegaCore/avr/libraries/EEPROM/examples/eeprom_clear/eeprom_clear.ino	MegaCore:avr:640:bootloader=uart0,pinout=mega_pinout,BOD=2v7,LTO=Os,clock=1MHz_internal	1.8.12	1300	9	0	false	0	0		0	
2020-05-06 07:02:08	135	135.23	https://travis-ci.org/MCUdude/MegaCore/jobs/683691850	push		false	master	92ec97338d287278e6f0fc67e846a1863bade4bd	6038cf6c29d9...92ec97338d28	Update corefiles	/home/travis/Arduino/hardware/MegaCore/avr/libraries/EEPROM/examples/eeprom_write/eeprom_write.ino	MegaCore:avr:640:bootloader=uart0,pinout=mega_pinout,BOD=2v7,LTO=Os,clock=1MHz_internal	1.8.12	1042	13	0	false	0	0		0	
2020-05-06 07:02:11	135	135.23	https://travis-ci.org/MCUdude/MegaCore/jobs/683691850	push		false	master	92ec97338d287278e6f0fc67e846a1863bade4bd	6038cf6c29d9...92ec97338d28	Update corefiles	/home/travis/Arduino/hardware/MegaCore/avr/libraries/EEPROM/examples/eeprom_iteration/eeprom_iteration.ino	MegaCore:avr:640:bootloader=uart0,pinout=mega_pinout,BOD=2v7,LTO=Os,clock=1MHz_internal	1.8.12	856	9	0	false	0	0		0	
2020-05-06 07:02:14	135	135.23	https://travis-ci.org/MCUdude/MegaCore/jobs/683691850	push		false	master	92ec97338d287278e6f0fc67e846a1863bade4bd	6038cf6c29d9...92ec97338d28	Update corefiles	/home/travis/Arduino/hardware/MegaCore/avr/libraries/EEPROM/examples/eeprom_update/eeprom_update.ino	MegaCore:avr:640:bootloader=uart0,pinout=mega_pinout,BOD=2v7,LTO=Os,clock=1MHz_internal	1.8.12	1092	13	0	false	0	0		0	
2020-05-06 07:02:17	135	135.23	https://travis-ci.org/MCUdude/MegaCore/jobs/683691850	push		false	master	92ec97338d287278e6f0fc67e846a1863bade4bd	6038cf6c29d9...92ec97338d28	Update corefiles	/home/travis/Arduino/hardware/MegaCore/avr/libraries/EEPROM/examples/eeprom_put/eeprom_put.ino	MegaCore:avr:640:bootloader=uart0,pinout=mega_pinout,BOD=2v7,LTO=Os,clock=1MHz_internal	1.8.12	2392	330	0	false	0	0		0	
2020-05-06 07:02:20	135	135.23	https://travis-ci.org/MCUdude/MegaCore/jobs/683691850	push		false	master	92ec97338d287278e6f0fc67e846a1863bade4bd	6038cf6c29d9...92ec97338d28	Update corefiles	/home/travis/Arduino/hardware/MegaCore/avr/libraries/Optiboot_flasher/examples/SerialReadWrite/SerialReadWrite.ino	MegaCore:avr:640:bootloader=uart0,pinout=mega_pinout,BOD=2v7,LTO=Os,clock=1MHz_internal	1.8.12	7932	449	0	false	0	0		0	
2020-05-06 07:02:23	135	135.23	https://travis-ci.org/MCUdude/MegaCore/jobs/683691850	push		false	master	92ec97338d287278e6f0fc67e846a1863bade4bd	6038cf6c29d9...92ec97338d28	Update corefiles	/home/travis/Arduino/hardware/MegaCore/avr/libraries/Timer/examples/Events/Events.ino	MegaCore:avr:640:bootloader=uart0,pinout=mega_pinout,BOD=2v7,LTO=Os,clock=1MHz_internal	1.8.12	4344	540	0	false	0	0		0	
2020-05-06 07:02:27	135	135.23	https://travis-ci.org/MCUdude/MegaCore/jobs/683691850	push		false	master	92ec97338d287278e6f0fc67e846a1863bade4bd	6038cf6c29d9...92ec97338d28	Update corefiles	/home/travis/Arduino/hardware/MegaCore/avr/libraries/Timer/examples/Pin_high_10_minutes/Pin_high_10_minutes.ino	MegaCore:avr:640:bootloader=uart0,pinout=mega_pinout,BOD=2v7,LTO=Os,clock=1MHz_internal	1.8.12	1978	205	1	false	0	0		0	
2020-05-06 07:02:30	135	135.23	https://travis-ci.org/MCUdude/MegaCore/jobs/683691850	push		false	master	92ec97338d287278e6f0fc67e846a1863bade4bd	6038cf6c29d9...92ec97338d28	Update corefiles	/home/travis/Arduino/hardware/MegaCore/avr/libraries/Timer/examples/Multitasking/Multitasking.ino	MegaCore:avr:640:bootloader=uart0,pinout=mega_pinout,BOD=2v7,LTO=Os,clock=1MHz_internal	1.8.12	3894	444	1	false	0	0		0	
2020-05-06 07:02:33	135	135.23	https://travis-ci.org/MCUdude/MegaCore/jobs/683691850	push		false	master	92ec97338d287278e6f0fc67e846a1863bade4bd	6038cf6c29d9...92ec97338d28	Update corefiles	/home/travis/Arduino/hardware/MegaCore/avr/libraries/Timer/examples/TimerTest/TimerTest.ino	MegaCore:avr:640:bootloader=uart0,pinout=mega_pinout,BOD=2v7,LTO=Os,clock=1MHz_internal	1.8.12	1942	203	0	false	0	0		0	
2020-05-06 07:02:36	135	135.23	https://travis-ci.org/MCUdude/MegaCore/jobs/683691850	push		false	master	92ec97338d287278e6f0fc67e846a1863bade4bd	6038cf6c29d9...92ec97338d28	Update corefiles	/home/travis/Arduino/hardware/MegaCore/avr/libraries/SPI/examples/BarometricPressureSensor/BarometricPressureSensor.ino	MegaCore:avr:640:bootloader=uart0,pinout=mega_pinout,BOD=2v7,LTO=Os,clock=1MHz_internal	1.8.12	7236	237	1	false	0	0		0	
2020-05-06 07:02:39	135	135.23	https://travis-ci.org/MCUdude/MegaCore/jobs/683691850	push		false	master	92ec97338d287278e6f0fc67e846a1863bade4bd	6038cf6c29d9...92ec97338d28	Update corefiles	/home/travis/Arduino/hardware/MegaCore/avr/libraries/SPI/examples/DigitalPotControl/DigitalPotControl.ino	MegaCore:avr:640:bootloader=uart0,pinout=mega_pinout,BOD=2v7,LTO=Os,clock=1MHz_internal	1.8.12	1870	10	0	false	0	0		0	
2020-05-06 07:02:43	135	135.23	https://travis-ci.org/MCUdude/MegaCore/jobs/683691850	push		false	master	92ec97338d287278e6f0fc67e846a1863bade4bd	6038cf6c29d9...92ec97338d28	Update corefiles	/home/travis/Arduino/hardware/MegaCore/avr/libraries/Wire/examples/i2c_scanner/i2c_scanner.ino	MegaCore:avr:640:bootloader=uart0,pinout=mega_pinout,BOD=2v7,LTO=Os,clock=1MHz_internal	1.8.12	4774	520	0	false	0	0		0	
2020-05-06 07:02:46	135	135.23	https://travis-ci.org/MCUdude/MegaCore/jobs/683691850	push		false	master	92ec97338d287278e6f0fc67e846a1863bade4bd	6038cf6c29d9...92ec97338d28	Update corefiles	/home/travis/Arduino/hardware/MegaCore/avr/libraries/Wire/examples/SFRRanger_reader/SFRRanger_reader.ino	MegaCore:avr:640:bootloader=uart0,pinout=mega_pinout,BOD=2v7,LTO=Os,clock=1MHz_internal	1.8.12	5048	404	0	false	0	0		0	
2020-05-06 07:02:49	135	135.23	https://travis-ci.org/MCUdude/MegaCore/jobs/683691850	push		false	master	92ec97338d287278e6f0fc67e846a1863bade4bd	6038cf6c29d9...92ec97338d28	Update corefiles	/home/travis/Arduino/hardware/MegaCore/avr/libraries/Wire/examples/master_writer/master_writer.ino	MegaCore:avr:640:bootloader=uart0,pinout=mega_pinout,BOD=2v7,LTO=Os,clock=1MHz_internal	1.8.12	3030	230	0	false	0	0		0	
2020-05-06 07:02:53	135	135.23	https://travis-ci.org/MCUdude/MegaCore/jobs/683691850	push		false	master	92ec97338d287278e6f0fc67e846a1863bade4bd	6038cf6c29d9...92ec97338d28	Update corefiles	/home/travis/Arduino/hardware/MegaCore/avr/libraries/Wire/examples/digital_potentiometer/digital_potentiometer.ino	MegaCore:avr:640:bootloader=uart0,pinout=mega_pinout,BOD=2v7,LTO=Os,clock=1MHz_internal	1.8.12	3028	224	0	false	0	0		0	
2020-05-06 07:02:56	135	135.23	https://travis-ci.org/MCUdude/MegaCore/jobs/683691850	push		false	master	92ec97338d287278e6f0fc67e846a1863bade4bd	6038cf6c29d9...92ec97338d28	Update corefiles	/home/travis/Arduino/hardware/MegaCore/avr/libraries/Wire/examples/slave_receiver/slave_receiver.ino	MegaCore:avr:640:bootloader=uart0,pinout=mega_pinout,BOD=2v7,LTO=Os,clock=1MHz_internal	1.8.12	4400	401	1	false	0	0		0	
2020-05-06 07:02:59	135	135.23	https://travis-ci.org/MCUdude/MegaCore/jobs/683691850	push		false	master	92ec97338d287278e6f0fc67e846a1863bade4bd	6038cf6c29d9...92ec97338d28	Update corefiles	/home/travis/Arduino/hardware/MegaCore/avr/libraries/Wire/examples/master_reader/master_reader.ino	MegaCore:avr:640:bootloader=uart0,pinout=mega_pinout,BOD=2v7,LTO=Os,clock=1MHz_internal	1.8.12	4532	398	0	false	0	0		0	
2020-05-06 07:03:02	135	135.23	https://travis-ci.org/MCUdude/MegaCore/jobs/683691850	push		false	master	92ec97338d287278e6f0fc67e846a1863bade4bd	6038cf6c29d9...92ec97338d28	Update corefiles	/home/travis/Arduino/hardware/MegaCore/avr/libraries/Wire/examples/slave_sender/slave_sender.ino	MegaCore:avr:640:bootloader=uart0,pinout=mega_pinout,BOD=2v7,LTO=Os,clock=1MHz_internal	1.8.12	2802	230	0	false	0	0		0	
