Build Timestamp (UTC)	Build	Job	Job URL	Build Trigger	Allow Job Failure	PR#	Branch	Commit	Commit Range	Commit Message	Sketch Filename	Board ID	IDE Version	Program Storage (bytes)	Dynamic Memory (bytes)	# Warnings	Allow Failure	Exit Status	# Board Issues	Board Issue	# Library Issues	Library Issue
2020-03-07 13:54:35	124	124.21	https://travis-ci.org/MCUdude/MegaCore/jobs/659504718	push	false	false	master	1c5ed78b08bd03f1a51fcd56fafd5ae81c247f63	189f59791b4a...1c5ed78b08bd	Add programmers	/home/travis/Arduino/hardware/MegaCore/avr/libraries/Ethernet/examples/UDPSendReceiveString/UDPSendReceiveString.ino	MegaCore:avr:640:bootloader=no_bootloader,pinout=mega_pinout,BOD=2v7,LTO=Os,clock=8MHz_external	1.6.7	12632	639	0	false	0	0		0	
2020-03-07 13:54:40	124	124.21	https://travis-ci.org/MCUdude/MegaCore/jobs/659504718	push	false	false	master	1c5ed78b08bd03f1a51fcd56fafd5ae81c247f63	189f59791b4a...1c5ed78b08bd	Add programmers	/home/travis/Arduino/hardware/MegaCore/avr/libraries/Ethernet/examples/TwitterClient/TwitterClient.ino	MegaCore:avr:640:bootloader=no_bootloader,pinout=mega_pinout,BOD=2v7,LTO=Os,clock=8MHz_external	1.6.7	19904	908	0	false	0	0		0	
2020-03-07 13:54:56	124	124.21	https://travis-ci.org/MCUdude/MegaCore/jobs/659504718	push	false	false	master	1c5ed78b08bd03f1a51fcd56fafd5ae81c247f63	189f59791b4a...1c5ed78b08bd	Add programmers	/home/travis/Arduino/hardware/MegaCore/avr/libraries/Ethernet/examples/WebClientRepeating/WebClientRepeating.ino	MegaCore:avr:640:bootloader=no_bootloader,pinout=mega_pinout,BOD=2v7,LTO=Os,clock=8MHz_external	1.6.7	18208	953	0	false	0	0		0	
2020-03-07 13:55:01	124	124.21	https://travis-ci.org/MCUdude/MegaCore/jobs/659504718	push	false	false	master	1c5ed78b08bd03f1a51fcd56fafd5ae81c247f63	189f59791b4a...1c5ed78b08bd	Add programmers	/home/travis/Arduino/hardware/MegaCore/avr/libraries/Ethernet/examples/UdpNtpClient/UdpNtpClient.ino	MegaCore:avr:640:bootloader=no_bootloader,pinout=mega_pinout,BOD=2v7,LTO=Os,clock=8MHz_external	1.6.7	15952	819	0	false	0	0		0	
2020-03-07 13:55:07	124	124.21	https://travis-ci.org/MCUdude/MegaCore/jobs/659504718	push	false	false	master	1c5ed78b08bd03f1a51fcd56fafd5ae81c247f63	189f59791b4a...1c5ed78b08bd	Add programmers	/home/travis/Arduino/hardware/MegaCore/avr/libraries/Ethernet/examples/WebClient/WebClient.ino	MegaCore:avr:640:bootloader=no_bootloader,pinout=mega_pinout,BOD=2v7,LTO=Os,clock=8MHz_external	1.6.7	20200	1003	0	false	0	0		0	
2020-03-07 13:55:12	124	124.21	https://travis-ci.org/MCUdude/MegaCore/jobs/659504718	push	false	false	master	1c5ed78b08bd03f1a51fcd56fafd5ae81c247f63	189f59791b4a...1c5ed78b08bd	Add programmers	/home/travis/Arduino/hardware/MegaCore/avr/libraries/Ethernet/examples/ChatServer/ChatServer.ino	MegaCore:avr:640:bootloader=no_bootloader,pinout=mega_pinout,BOD=2v7,LTO=Os,clock=8MHz_external	1.6.7	14954	665	0	false	0	0		0	
2020-03-07 13:55:18	124	124.21	https://travis-ci.org/MCUdude/MegaCore/jobs/659504718	push	false	false	master	1c5ed78b08bd03f1a51fcd56fafd5ae81c247f63	189f59791b4a...1c5ed78b08bd	Add programmers	/home/travis/Arduino/hardware/MegaCore/avr/libraries/Ethernet/examples/DhcpAddressPrinter/DhcpAddressPrinter.ino	MegaCore:avr:640:bootloader=no_bootloader,pinout=mega_pinout,BOD=2v7,LTO=Os,clock=8MHz_external	1.6.7	15648	786	0	false	0	0		0	
2020-03-07 13:55:23	124	124.21	https://travis-ci.org/MCUdude/MegaCore/jobs/659504718	push	false	false	master	1c5ed78b08bd03f1a51fcd56fafd5ae81c247f63	189f59791b4a...1c5ed78b08bd	Add programmers	/home/travis/Arduino/hardware/MegaCore/avr/libraries/Ethernet/examples/XivelyClient/XivelyClient.ino	MegaCore:avr:640:bootloader=no_bootloader,pinout=mega_pinout,BOD=2v7,LTO=Os,clock=8MHz_external	1.6.7	18542	868	0	false	0	0		0	
2020-03-07 13:55:29	124	124.21	https://travis-ci.org/MCUdude/MegaCore/jobs/659504718	push	false	false	master	1c5ed78b08bd03f1a51fcd56fafd5ae81c247f63	189f59791b4a...1c5ed78b08bd	Add programmers	/home/travis/Arduino/hardware/MegaCore/avr/libraries/Ethernet/examples/XivelyClientString/XivelyClientString.ino	MegaCore:avr:640:bootloader=no_bootloader,pinout=mega_pinout,BOD=2v7,LTO=Os,clock=8MHz_external	1.6.7	20374	888	0	false	0	0		0	
2020-03-07 13:55:34	124	124.21	https://travis-ci.org/MCUdude/MegaCore/jobs/659504718	push	false	false	master	1c5ed78b08bd03f1a51fcd56fafd5ae81c247f63	189f59791b4a...1c5ed78b08bd	Add programmers	/home/travis/Arduino/hardware/MegaCore/avr/libraries/Ethernet/examples/LinkStatus/LinkStatus.ino	MegaCore:avr:640:bootloader=no_bootloader,pinout=mega_pinout,BOD=2v7,LTO=Os,clock=8MHz_external	1.6.7	5486	314	0	false	0	0		0	
2020-03-07 13:55:40	124	124.21	https://travis-ci.org/MCUdude/MegaCore/jobs/659504718	push	false	false	master	1c5ed78b08bd03f1a51fcd56fafd5ae81c247f63	189f59791b4a...1c5ed78b08bd	Add programmers	/home/travis/Arduino/hardware/MegaCore/avr/libraries/Ethernet/examples/BarometricPressureWebServer/BarometricPressureWebServer.ino	MegaCore:avr:640:bootloader=no_bootloader,pinout=mega_pinout,BOD=2v7,LTO=Os,clock=8MHz_external	1.6.7	19458	726	2	false	0	0		0	
2020-03-07 13:55:45	124	124.21	https://travis-ci.org/MCUdude/MegaCore/jobs/659504718	push	false	false	master	1c5ed78b08bd03f1a51fcd56fafd5ae81c247f63	189f59791b4a...1c5ed78b08bd	Add programmers	/home/travis/Arduino/hardware/MegaCore/avr/libraries/Ethernet/examples/DhcpChatServer/DhcpChatServer.ino	MegaCore:avr:640:bootloader=no_bootloader,pinout=mega_pinout,BOD=2v7,LTO=Os,clock=8MHz_external	1.6.7	18996	849	0	false	0	0		0	
2020-03-07 13:55:51	124	124.21	https://travis-ci.org/MCUdude/MegaCore/jobs/659504718	push	false	false	master	1c5ed78b08bd03f1a51fcd56fafd5ae81c247f63	189f59791b4a...1c5ed78b08bd	Add programmers	/home/travis/Arduino/hardware/MegaCore/avr/libraries/Ethernet/examples/WebServer/WebServer.ino	MegaCore:avr:640:bootloader=no_bootloader,pinout=mega_pinout,BOD=2v7,LTO=Os,clock=8MHz_external	1.6.7	15922	788	0	false	0	0		0	
2020-03-07 13:55:56	124	124.21	https://travis-ci.org/MCUdude/MegaCore/jobs/659504718	push	false	false	master	1c5ed78b08bd03f1a51fcd56fafd5ae81c247f63	189f59791b4a...1c5ed78b08bd	Add programmers	/home/travis/Arduino/hardware/MegaCore/avr/libraries/Ethernet/examples/TelnetClient/TelnetClient.ino	MegaCore:avr:640:bootloader=no_bootloader,pinout=mega_pinout,BOD=2v7,LTO=Os,clock=8MHz_external	1.6.7	14482	649	0	false	0	0		0	
2020-03-07 13:56:02	124	124.21	https://travis-ci.org/MCUdude/MegaCore/jobs/659504718	push	false	false	master	1c5ed78b08bd03f1a51fcd56fafd5ae81c247f63	189f59791b4a...1c5ed78b08bd	Add programmers	/home/travis/Arduino/hardware/MegaCore/avr/libraries/Ethernet/examples/PachubeClient/PachubeClient.ino	MegaCore:avr:640:bootloader=no_bootloader,pinout=mega_pinout,BOD=2v7,LTO=Os,clock=8MHz_external	1.6.7	18544	870	0	false	0	0		0	
2020-03-07 13:56:08	124	124.21	https://travis-ci.org/MCUdude/MegaCore/jobs/659504718	push	false	false	master	1c5ed78b08bd03f1a51fcd56fafd5ae81c247f63	189f59791b4a...1c5ed78b08bd	Add programmers	/home/travis/Arduino/hardware/MegaCore/avr/libraries/Ethernet/examples/PachubeClientString/PachubeClientString.ino	MegaCore:avr:640:bootloader=no_bootloader,pinout=mega_pinout,BOD=2v7,LTO=Os,clock=8MHz_external	1.6.7	20376	890	0	false	0	0		0	
2020-03-07 13:56:13	124	124.21	https://travis-ci.org/MCUdude/MegaCore/jobs/659504718	push	false	false	master	1c5ed78b08bd03f1a51fcd56fafd5ae81c247f63	189f59791b4a...1c5ed78b08bd	Add programmers	/home/travis/Arduino/hardware/MegaCore/avr/libraries/Ethernet/examples/AdvancedChatServer/AdvancedChatServer.ino	MegaCore:avr:640:bootloader=no_bootloader,pinout=mega_pinout,BOD=2v7,LTO=Os,clock=8MHz_external	1.6.7	15742	814	0	false	0	0		0	
2020-03-07 13:56:17	124	124.21	https://travis-ci.org/MCUdude/MegaCore/jobs/659504718	push	false	false	master	1c5ed78b08bd03f1a51fcd56fafd5ae81c247f63	189f59791b4a...1c5ed78b08bd	Add programmers	/home/travis/Arduino/hardware/MegaCore/avr/libraries/AVR_examples/examples/Blink_using_Timer0/Blink_using_Timer0.ino	MegaCore:avr:640:bootloader=no_bootloader,pinout=mega_pinout,BOD=2v7,LTO=Os,clock=8MHz_external	1.6.7	366	3	0	false	0	0		0	
2020-03-07 13:56:22	124	124.21	https://travis-ci.org/MCUdude/MegaCore/jobs/659504718	push	false	false	master	1c5ed78b08bd03f1a51fcd56fafd5ae81c247f63	189f59791b4a...1c5ed78b08bd	Add programmers	/home/travis/Arduino/hardware/MegaCore/avr/libraries/AVR_examples/examples/Read_port_write_port/Read_port_write_port.ino	MegaCore:avr:640:bootloader=no_bootloader,pinout=mega_pinout,BOD=2v7,LTO=Os,clock=8MHz_external	1.6.7	268	0	0	false	0	0		0	
2020-03-07 13:56:26	124	124.21	https://travis-ci.org/MCUdude/MegaCore/jobs/659504718	push	false	false	master	1c5ed78b08bd03f1a51fcd56fafd5ae81c247f63	189f59791b4a...1c5ed78b08bd	Add programmers	/home/travis/Arduino/hardware/MegaCore/avr/libraries/AVR_examples/examples/Measure_period_length/Measure_period_length.ino	MegaCore:avr:640:bootloader=no_bootloader,pinout=mega_pinout,BOD=2v7,LTO=Os,clock=8MHz_external	1.6.7	1992	200	0	false	0	0		0	
2020-03-07 13:56:31	124	124.21	https://travis-ci.org/MCUdude/MegaCore/jobs/659504718	push	false	false	master	1c5ed78b08bd03f1a51fcd56fafd5ae81c247f63	189f59791b4a...1c5ed78b08bd	Add programmers	/home/travis/Arduino/hardware/MegaCore/avr/libraries/AVR_examples/examples/Watch_dog_timer/Watch_dog_timer.ino	MegaCore:avr:640:bootloader=no_bootloader,pinout=mega_pinout,BOD=2v7,LTO=Os,clock=8MHz_external	1.6.7	360	2	0	false	0	0		0	
2020-03-07 13:56:35	124	124.21	https://travis-ci.org/MCUdude/MegaCore/jobs/659504718	push	false	false	master	1c5ed78b08bd03f1a51fcd56fafd5ae81c247f63	189f59791b4a...1c5ed78b08bd	Add programmers	/home/travis/Arduino/hardware/MegaCore/avr/libraries/AVR_examples/examples/Blink/Blink.ino	MegaCore:avr:640:bootloader=no_bootloader,pinout=mega_pinout,BOD=2v7,LTO=Os,clock=8MHz_external	1.6.7	300	0	0	false	0	0		0	
2020-03-07 13:56:40	124	124.21	https://travis-ci.org/MCUdude/MegaCore/jobs/659504718	push	false	false	master	1c5ed78b08bd03f1a51fcd56fafd5ae81c247f63	189f59791b4a...1c5ed78b08bd	Add programmers	/home/travis/Arduino/hardware/MegaCore/avr/libraries/SD/examples/Datalogger/Datalogger.ino	MegaCore:avr:640:bootloader=no_bootloader,pinout=mega_pinout,BOD=2v7,LTO=Os,clock=8MHz_external	1.6.7	14660	937	5	false	0	0		0	
2020-03-07 13:56:46	124	124.21	https://travis-ci.org/MCUdude/MegaCore/jobs/659504718	push	false	false	master	1c5ed78b08bd03f1a51fcd56fafd5ae81c247f63	189f59791b4a...1c5ed78b08bd	Add programmers	/home/travis/Arduino/hardware/MegaCore/avr/libraries/SD/examples/CardInfo/CardInfo.ino	MegaCore:avr:640:bootloader=no_bootloader,pinout=mega_pinout,BOD=2v7,LTO=Os,clock=8MHz_external	1.6.7	12120	1364	5	false	0	0		0	
2020-03-07 13:56:51	124	124.21	https://travis-ci.org/MCUdude/MegaCore/jobs/659504718	push	false	false	master	1c5ed78b08bd03f1a51fcd56fafd5ae81c247f63	189f59791b4a...1c5ed78b08bd	Add programmers	/home/travis/Arduino/hardware/MegaCore/avr/libraries/SD/examples/ReadWrite/ReadWrite.ino	MegaCore:avr:640:bootloader=no_bootloader,pinout=mega_pinout,BOD=2v7,LTO=Os,clock=8MHz_external	1.6.7	13548	1006	5	false	0	0		0	
2020-03-07 13:56:56	124	124.21	https://travis-ci.org/MCUdude/MegaCore/jobs/659504718	push	false	false	master	1c5ed78b08bd03f1a51fcd56fafd5ae81c247f63	189f59791b4a...1c5ed78b08bd	Add programmers	/home/travis/Arduino/hardware/MegaCore/avr/libraries/SD/examples/listfiles/listfiles.ino	MegaCore:avr:640:bootloader=no_bootloader,pinout=mega_pinout,BOD=2v7,LTO=Os,clock=8MHz_external	1.6.7	14282	942	5	false	0	0		0	
2020-03-07 13:57:01	124	124.21	https://travis-ci.org/MCUdude/MegaCore/jobs/659504718	push	false	false	master	1c5ed78b08bd03f1a51fcd56fafd5ae81c247f63	189f59791b4a...1c5ed78b08bd	Add programmers	/home/travis/Arduino/hardware/MegaCore/avr/libraries/SD/examples/DumpFile/DumpFile.ino	MegaCore:avr:640:bootloader=no_bootloader,pinout=mega_pinout,BOD=2v7,LTO=Os,clock=8MHz_external	1.6.7	13222	935	5	false	0	0		0	
2020-03-07 13:57:07	124	124.21	https://travis-ci.org/MCUdude/MegaCore/jobs/659504718	push	false	false	master	1c5ed78b08bd03f1a51fcd56fafd5ae81c247f63	189f59791b4a...1c5ed78b08bd	Add programmers	/home/travis/Arduino/hardware/MegaCore/avr/libraries/SD/examples/Files/Files.ino	MegaCore:avr:640:bootloader=no_bootloader,pinout=mega_pinout,BOD=2v7,LTO=Os,clock=8MHz_external	1.6.7	14138	1040	5	false	0	0		0	
2020-03-07 13:57:11	124	124.21	https://travis-ci.org/MCUdude/MegaCore/jobs/659504718	push	false	false	master	1c5ed78b08bd03f1a51fcd56fafd5ae81c247f63	189f59791b4a...1c5ed78b08bd	Add programmers	/home/travis/Arduino/hardware/MegaCore/avr/libraries/SoftwareSerial/examples/SoftwareSerialExample/SoftwareSerialExample.ino	MegaCore:avr:640:bootloader=no_bootloader,pinout=mega_pinout,BOD=2v7,LTO=Os,clock=8MHz_external	1.6.7	5740	359	0	false	0	0		0	
2020-03-07 13:57:16	124	124.21	https://travis-ci.org/MCUdude/MegaCore/jobs/659504718	push	false	false	master	1c5ed78b08bd03f1a51fcd56fafd5ae81c247f63	189f59791b4a...1c5ed78b08bd	Add programmers	/home/travis/Arduino/hardware/MegaCore/avr/libraries/SoftwareSerial/examples/TwoPortReceive/TwoPortReceive.ino	MegaCore:avr:640:bootloader=no_bootloader,pinout=mega_pinout,BOD=2v7,LTO=Os,clock=8MHz_external	1.6.7	5840	400	0	false	0	0		0	
2020-03-07 13:57:20	124	124.21	https://travis-ci.org/MCUdude/MegaCore/jobs/659504718	push	false	false	master	1c5ed78b08bd03f1a51fcd56fafd5ae81c247f63	189f59791b4a...1c5ed78b08bd	Add programmers	/home/travis/Arduino/hardware/MegaCore/avr/libraries/Servo/examples/Knob/Knob.ino	MegaCore:avr:640:bootloader=no_bootloader,pinout=mega_pinout,BOD=2v7,LTO=Os,clock=8MHz_external	1.6.7	3690	171	0	false	0	0		0	
2020-03-07 13:57:25	124	124.21	https://travis-ci.org/MCUdude/MegaCore/jobs/659504718	push	false	false	master	1c5ed78b08bd03f1a51fcd56fafd5ae81c247f63	189f59791b4a...1c5ed78b08bd	Add programmers	/home/travis/Arduino/hardware/MegaCore/avr/libraries/Servo/examples/Sweep/Sweep.ino	MegaCore:avr:640:bootloader=no_bootloader,pinout=mega_pinout,BOD=2v7,LTO=Os,clock=8MHz_external	1.6.7	3594	167	0	false	0	0		0	
2020-03-07 13:57:29	124	124.21	https://travis-ci.org/MCUdude/MegaCore/jobs/659504718	push	false	false	master	1c5ed78b08bd03f1a51fcd56fafd5ae81c247f63	189f59791b4a...1c5ed78b08bd	Add programmers	/home/travis/Arduino/hardware/MegaCore/avr/libraries/EEPROM/examples/eeprom_get/eeprom_get.ino	MegaCore:avr:640:bootloader=no_bootloader,pinout=mega_pinout,BOD=2v7,LTO=Os,clock=8MHz_external	1.6.7	4198	256	0	false	0	0		0	
2020-03-07 13:57:33	124	124.21	https://travis-ci.org/MCUdude/MegaCore/jobs/659504718	push	false	false	master	1c5ed78b08bd03f1a51fcd56fafd5ae81c247f63	189f59791b4a...1c5ed78b08bd	Add programmers	/home/travis/Arduino/hardware/MegaCore/avr/libraries/EEPROM/examples/eeprom_crc/eeprom_crc.ino	MegaCore:avr:640:bootloader=no_bootloader,pinout=mega_pinout,BOD=2v7,LTO=Os,clock=8MHz_external	1.6.7	2802	310	0	false	0	0		0	
2020-03-07 13:57:38	124	124.21	https://travis-ci.org/MCUdude/MegaCore/jobs/659504718	push	false	false	master	1c5ed78b08bd03f1a51fcd56fafd5ae81c247f63	189f59791b4a...1c5ed78b08bd	Add programmers	/home/travis/Arduino/hardware/MegaCore/avr/libraries/EEPROM/examples/eeprom_read/eeprom_read.ino	MegaCore:avr:640:bootloader=no_bootloader,pinout=mega_pinout,BOD=2v7,LTO=Os,clock=8MHz_external	1.6.7	2566	203	0	false	0	0		0	
2020-03-07 13:57:42	124	124.21	https://travis-ci.org/MCUdude/MegaCore/jobs/659504718	push	false	false	master	1c5ed78b08bd03f1a51fcd56fafd5ae81c247f63	189f59791b4a...1c5ed78b08bd	Add programmers	/home/travis/Arduino/hardware/MegaCore/avr/libraries/EEPROM/examples/eeprom_clear/eeprom_clear.ino	MegaCore:avr:640:bootloader=no_bootloader,pinout=mega_pinout,BOD=2v7,LTO=Os,clock=8MHz_external	1.6.7	1324	9	0	false	0	0		0	
2020-03-07 13:57:46	124	124.21	https://travis-ci.org/MCUdude/MegaCore/jobs/659504718	push	false	false	master	1c5ed78b08bd03f1a51fcd56fafd5ae81c247f63	189f59791b4a...1c5ed78b08bd	Add programmers	/home/travis/Arduino/hardware/MegaCore/avr/libraries/EEPROM/examples/eeprom_write/eeprom_write.ino	MegaCore:avr:640:bootloader=no_bootloader,pinout=mega_pinout,BOD=2v7,LTO=Os,clock=8MHz_external	1.6.7	1052	13	0	false	0	0		0	
2020-03-07 13:57:51	124	124.21	https://travis-ci.org/MCUdude/MegaCore/jobs/659504718	push	false	false	master	1c5ed78b08bd03f1a51fcd56fafd5ae81c247f63	189f59791b4a...1c5ed78b08bd	Add programmers	/home/travis/Arduino/hardware/MegaCore/avr/libraries/EEPROM/examples/eeprom_iteration/eeprom_iteration.ino	MegaCore:avr:640:bootloader=no_bootloader,pinout=mega_pinout,BOD=2v7,LTO=Os,clock=8MHz_external	1.6.7	874	9	0	false	0	0		0	
2020-03-07 13:57:55	124	124.21	https://travis-ci.org/MCUdude/MegaCore/jobs/659504718	push	false	false	master	1c5ed78b08bd03f1a51fcd56fafd5ae81c247f63	189f59791b4a...1c5ed78b08bd	Add programmers	/home/travis/Arduino/hardware/MegaCore/avr/libraries/EEPROM/examples/eeprom_update/eeprom_update.ino	MegaCore:avr:640:bootloader=no_bootloader,pinout=mega_pinout,BOD=2v7,LTO=Os,clock=8MHz_external	1.6.7	1102	13	0	false	0	0		0	
2020-03-07 13:58:00	124	124.21	https://travis-ci.org/MCUdude/MegaCore/jobs/659504718	push	false	false	master	1c5ed78b08bd03f1a51fcd56fafd5ae81c247f63	189f59791b4a...1c5ed78b08bd	Add programmers	/home/travis/Arduino/hardware/MegaCore/avr/libraries/EEPROM/examples/eeprom_put/eeprom_put.ino	MegaCore:avr:640:bootloader=no_bootloader,pinout=mega_pinout,BOD=2v7,LTO=Os,clock=8MHz_external	1.6.7	2500	340	0	false	0	0		0	
2020-03-07 13:58:04	124	124.21	https://travis-ci.org/MCUdude/MegaCore/jobs/659504718	push	false	false	master	1c5ed78b08bd03f1a51fcd56fafd5ae81c247f63	189f59791b4a...1c5ed78b08bd	Add programmers	/home/travis/Arduino/hardware/MegaCore/avr/libraries/Optiboot_flasher/examples/SerialReadWrite/SerialReadWrite.ino	MegaCore:avr:640:bootloader=no_bootloader,pinout=mega_pinout,BOD=2v7,LTO=Os,clock=8MHz_external	1.6.7	8110	465	0	false	0	0		0	
2020-03-07 13:58:09	124	124.21	https://travis-ci.org/MCUdude/MegaCore/jobs/659504718	push	false	false	master	1c5ed78b08bd03f1a51fcd56fafd5ae81c247f63	189f59791b4a...1c5ed78b08bd	Add programmers	/home/travis/Arduino/hardware/MegaCore/avr/libraries/Timer/examples/Events/Events.ino	MegaCore:avr:640:bootloader=no_bootloader,pinout=mega_pinout,BOD=2v7,LTO=Os,clock=8MHz_external	1.6.7	4524	550	0	false	0	0		0	
2020-03-07 13:58:13	124	124.21	https://travis-ci.org/MCUdude/MegaCore/jobs/659504718	push	false	false	master	1c5ed78b08bd03f1a51fcd56fafd5ae81c247f63	189f59791b4a...1c5ed78b08bd	Add programmers	/home/travis/Arduino/hardware/MegaCore/avr/libraries/Timer/examples/Pin_high_10_minutes/Pin_high_10_minutes.ino	MegaCore:avr:640:bootloader=no_bootloader,pinout=mega_pinout,BOD=2v7,LTO=Os,clock=8MHz_external	1.6.7	2020	205	1	false	0	0		0	
2020-03-07 13:58:18	124	124.21	https://travis-ci.org/MCUdude/MegaCore/jobs/659504718	push	false	false	master	1c5ed78b08bd03f1a51fcd56fafd5ae81c247f63	189f59791b4a...1c5ed78b08bd	Add programmers	/home/travis/Arduino/hardware/MegaCore/avr/libraries/Timer/examples/Multitasking/Multitasking.ino	MegaCore:avr:640:bootloader=no_bootloader,pinout=mega_pinout,BOD=2v7,LTO=Os,clock=8MHz_external	1.6.7	4040	454	1	false	0	0		0	
2020-03-07 13:58:22	124	124.21	https://travis-ci.org/MCUdude/MegaCore/jobs/659504718	push	false	false	master	1c5ed78b08bd03f1a51fcd56fafd5ae81c247f63	189f59791b4a...1c5ed78b08bd	Add programmers	/home/travis/Arduino/hardware/MegaCore/avr/libraries/Timer/examples/TimerTest/TimerTest.ino	MegaCore:avr:640:bootloader=no_bootloader,pinout=mega_pinout,BOD=2v7,LTO=Os,clock=8MHz_external	1.6.7	1986	203	0	false	0	0		0	
2020-03-07 13:58:27	124	124.21	https://travis-ci.org/MCUdude/MegaCore/jobs/659504718	push	false	false	master	1c5ed78b08bd03f1a51fcd56fafd5ae81c247f63	189f59791b4a...1c5ed78b08bd	Add programmers	/home/travis/Arduino/hardware/MegaCore/avr/libraries/SPI/examples/BarometricPressureSensor/BarometricPressureSensor.ino	MegaCore:avr:640:bootloader=no_bootloader,pinout=mega_pinout,BOD=2v7,LTO=Os,clock=8MHz_external	1.6.7	7320	235	1	false	0	0		0	
2020-03-07 13:58:31	124	124.21	https://travis-ci.org/MCUdude/MegaCore/jobs/659504718	push	false	false	master	1c5ed78b08bd03f1a51fcd56fafd5ae81c247f63	189f59791b4a...1c5ed78b08bd	Add programmers	/home/travis/Arduino/hardware/MegaCore/avr/libraries/SPI/examples/DigitalPotControl/DigitalPotControl.ino	MegaCore:avr:640:bootloader=no_bootloader,pinout=mega_pinout,BOD=2v7,LTO=Os,clock=8MHz_external	1.6.7	1886	10	0	false	0	0		0	
2020-03-07 13:58:36	124	124.21	https://travis-ci.org/MCUdude/MegaCore/jobs/659504718	push	false	false	master	1c5ed78b08bd03f1a51fcd56fafd5ae81c247f63	189f59791b4a...1c5ed78b08bd	Add programmers	/home/travis/Arduino/hardware/MegaCore/avr/libraries/Wire/examples/i2c_scanner/i2c_scanner.ino	MegaCore:avr:640:bootloader=no_bootloader,pinout=mega_pinout,BOD=2v7,LTO=Os,clock=8MHz_external	1.6.7	4916	528	2	false	0	0		0	
2020-03-07 13:58:40	124	124.21	https://travis-ci.org/MCUdude/MegaCore/jobs/659504718	push	false	false	master	1c5ed78b08bd03f1a51fcd56fafd5ae81c247f63	189f59791b4a...1c5ed78b08bd	Add programmers	/home/travis/Arduino/hardware/MegaCore/avr/libraries/Wire/examples/SFRRanger_reader/SFRRanger_reader.ino	MegaCore:avr:640:bootloader=no_bootloader,pinout=mega_pinout,BOD=2v7,LTO=Os,clock=8MHz_external	1.6.7	5194	412	2	false	0	0		0	
2020-03-07 13:58:45	124	124.21	https://travis-ci.org/MCUdude/MegaCore/jobs/659504718	push	false	false	master	1c5ed78b08bd03f1a51fcd56fafd5ae81c247f63	189f59791b4a...1c5ed78b08bd	Add programmers	/home/travis/Arduino/hardware/MegaCore/avr/libraries/Wire/examples/master_writer/master_writer.ino	MegaCore:avr:640:bootloader=no_bootloader,pinout=mega_pinout,BOD=2v7,LTO=Os,clock=8MHz_external	1.6.7	3078	228	2	false	0	0		0	
2020-03-07 13:58:49	124	124.21	https://travis-ci.org/MCUdude/MegaCore/jobs/659504718	push	false	false	master	1c5ed78b08bd03f1a51fcd56fafd5ae81c247f63	189f59791b4a...1c5ed78b08bd	Add programmers	/home/travis/Arduino/hardware/MegaCore/avr/libraries/Wire/examples/digital_potentiometer/digital_potentiometer.ino	MegaCore:avr:640:bootloader=no_bootloader,pinout=mega_pinout,BOD=2v7,LTO=Os,clock=8MHz_external	1.6.7	3064	222	2	false	0	0		0	
2020-03-07 13:58:54	124	124.21	https://travis-ci.org/MCUdude/MegaCore/jobs/659504718	push	false	false	master	1c5ed78b08bd03f1a51fcd56fafd5ae81c247f63	189f59791b4a...1c5ed78b08bd	Add programmers	/home/travis/Arduino/hardware/MegaCore/avr/libraries/Wire/examples/slave_receiver/slave_receiver.ino	MegaCore:avr:640:bootloader=no_bootloader,pinout=mega_pinout,BOD=2v7,LTO=Os,clock=8MHz_external	1.6.7	4564	409	3	false	0	0		0	
2020-03-07 13:58:58	124	124.21	https://travis-ci.org/MCUdude/MegaCore/jobs/659504718	push	false	false	master	1c5ed78b08bd03f1a51fcd56fafd5ae81c247f63	189f59791b4a...1c5ed78b08bd	Add programmers	/home/travis/Arduino/hardware/MegaCore/avr/libraries/Wire/examples/master_reader/master_reader.ino	MegaCore:avr:640:bootloader=no_bootloader,pinout=mega_pinout,BOD=2v7,LTO=Os,clock=8MHz_external	1.6.7	4644	394	2	false	0	0		0	
2020-03-07 13:59:03	124	124.21	https://travis-ci.org/MCUdude/MegaCore/jobs/659504718	push	false	false	master	1c5ed78b08bd03f1a51fcd56fafd5ae81c247f63	189f59791b4a...1c5ed78b08bd	Add programmers	/home/travis/Arduino/hardware/MegaCore/avr/libraries/Wire/examples/slave_sender/slave_sender.ino	MegaCore:avr:640:bootloader=no_bootloader,pinout=mega_pinout,BOD=2v7,LTO=Os,clock=8MHz_external	1.6.7	2864	228	2	false	0	0		0	
2020-03-07 13:59:11	124	124.21	https://travis-ci.org/MCUdude/MegaCore/jobs/659504718	push	false	false	master	1c5ed78b08bd03f1a51fcd56fafd5ae81c247f63	189f59791b4a...1c5ed78b08bd	Add programmers	/home/travis/Arduino/hardware/MegaCore/avr/libraries/Ethernet/examples/UDPSendReceiveString/UDPSendReceiveString.ino	MegaCore:avr:640:bootloader=no_bootloader,pinout=mega_pinout,BOD=2v7,LTO=Os,clock=8MHz_external	1.6.9	12632	639	0	false	0	0		0	
2020-03-07 13:59:17	124	124.21	https://travis-ci.org/MCUdude/MegaCore/jobs/659504718	push	false	false	master	1c5ed78b08bd03f1a51fcd56fafd5ae81c247f63	189f59791b4a...1c5ed78b08bd	Add programmers	/home/travis/Arduino/hardware/MegaCore/avr/libraries/Ethernet/examples/TwitterClient/TwitterClient.ino	MegaCore:avr:640:bootloader=no_bootloader,pinout=mega_pinout,BOD=2v7,LTO=Os,clock=8MHz_external	1.6.9	19904	908	0	false	0	0		0	
2020-03-07 13:59:22	124	124.21	https://travis-ci.org/MCUdude/MegaCore/jobs/659504718	push	false	false	master	1c5ed78b08bd03f1a51fcd56fafd5ae81c247f63	189f59791b4a...1c5ed78b08bd	Add programmers	/home/travis/Arduino/hardware/MegaCore/avr/libraries/Ethernet/examples/WebClientRepeating/WebClientRepeating.ino	MegaCore:avr:640:bootloader=no_bootloader,pinout=mega_pinout,BOD=2v7,LTO=Os,clock=8MHz_external	1.6.9	18208	953	0	false	0	0		0	
2020-03-07 13:59:28	124	124.21	https://travis-ci.org/MCUdude/MegaCore/jobs/659504718	push	false	false	master	1c5ed78b08bd03f1a51fcd56fafd5ae81c247f63	189f59791b4a...1c5ed78b08bd	Add programmers	/home/travis/Arduino/hardware/MegaCore/avr/libraries/Ethernet/examples/UdpNtpClient/UdpNtpClient.ino	MegaCore:avr:640:bootloader=no_bootloader,pinout=mega_pinout,BOD=2v7,LTO=Os,clock=8MHz_external	1.6.9	15952	819	0	false	0	0		0	
2020-03-07 13:59:34	124	124.21	https://travis-ci.org/MCUdude/MegaCore/jobs/659504718	push	false	false	master	1c5ed78b08bd03f1a51fcd56fafd5ae81c247f63	189f59791b4a...1c5ed78b08bd	Add programmers	/home/travis/Arduino/hardware/MegaCore/avr/libraries/Ethernet/examples/WebClient/WebClient.ino	MegaCore:avr:640:bootloader=no_bootloader,pinout=mega_pinout,BOD=2v7,LTO=Os,clock=8MHz_external	1.6.9	20200	1003	0	false	0	0		0	
2020-03-07 13:59:40	124	124.21	https://travis-ci.org/MCUdude/MegaCore/jobs/659504718	push	false	false	master	1c5ed78b08bd03f1a51fcd56fafd5ae81c247f63	189f59791b4a...1c5ed78b08bd	Add programmers	/home/travis/Arduino/hardware/MegaCore/avr/libraries/Ethernet/examples/ChatServer/ChatServer.ino	MegaCore:avr:640:bootloader=no_bootloader,pinout=mega_pinout,BOD=2v7,LTO=Os,clock=8MHz_external	1.6.9	14954	665	0	false	0	0		0	
2020-03-07 13:59:45	124	124.21	https://travis-ci.org/MCUdude/MegaCore/jobs/659504718	push	false	false	master	1c5ed78b08bd03f1a51fcd56fafd5ae81c247f63	189f59791b4a...1c5ed78b08bd	Add programmers	/home/travis/Arduino/hardware/MegaCore/avr/libraries/Ethernet/examples/DhcpAddressPrinter/DhcpAddressPrinter.ino	MegaCore:avr:640:bootloader=no_bootloader,pinout=mega_pinout,BOD=2v7,LTO=Os,clock=8MHz_external	1.6.9	15648	786	0	false	0	0		0	
2020-03-07 13:59:51	124	124.21	https://travis-ci.org/MCUdude/MegaCore/jobs/659504718	push	false	false	master	1c5ed78b08bd03f1a51fcd56fafd5ae81c247f63	189f59791b4a...1c5ed78b08bd	Add programmers	/home/travis/Arduino/hardware/MegaCore/avr/libraries/Ethernet/examples/XivelyClient/XivelyClient.ino	MegaCore:avr:640:bootloader=no_bootloader,pinout=mega_pinout,BOD=2v7,LTO=Os,clock=8MHz_external	1.6.9	18542	868	0	false	0	0		0	
2020-03-07 13:59:57	124	124.21	https://travis-ci.org/MCUdude/MegaCore/jobs/659504718	push	false	false	master	1c5ed78b08bd03f1a51fcd56fafd5ae81c247f63	189f59791b4a...1c5ed78b08bd	Add programmers	/home/travis/Arduino/hardware/MegaCore/avr/libraries/Ethernet/examples/XivelyClientString/XivelyClientString.ino	MegaCore:avr:640:bootloader=no_bootloader,pinout=mega_pinout,BOD=2v7,LTO=Os,clock=8MHz_external	1.6.9	20374	888	0	false	0	0		0	
2020-03-07 14:00:03	124	124.21	https://travis-ci.org/MCUdude/MegaCore/jobs/659504718	push	false	false	master	1c5ed78b08bd03f1a51fcd56fafd5ae81c247f63	189f59791b4a...1c5ed78b08bd	Add programmers	/home/travis/Arduino/hardware/MegaCore/avr/libraries/Ethernet/examples/LinkStatus/LinkStatus.ino	MegaCore:avr:640:bootloader=no_bootloader,pinout=mega_pinout,BOD=2v7,LTO=Os,clock=8MHz_external	1.6.9	5486	314	0	false	0	0		0	
2020-03-07 14:00:09	124	124.21	https://travis-ci.org/MCUdude/MegaCore/jobs/659504718	push	false	false	master	1c5ed78b08bd03f1a51fcd56fafd5ae81c247f63	189f59791b4a...1c5ed78b08bd	Add programmers	/home/travis/Arduino/hardware/MegaCore/avr/libraries/Ethernet/examples/BarometricPressureWebServer/BarometricPressureWebServer.ino	MegaCore:avr:640:bootloader=no_bootloader,pinout=mega_pinout,BOD=2v7,LTO=Os,clock=8MHz_external	1.6.9	19458	726	2	false	0	0		0	
2020-03-07 14:00:14	124	124.21	https://travis-ci.org/MCUdude/MegaCore/jobs/659504718	push	false	false	master	1c5ed78b08bd03f1a51fcd56fafd5ae81c247f63	189f59791b4a...1c5ed78b08bd	Add programmers	/home/travis/Arduino/hardware/MegaCore/avr/libraries/Ethernet/examples/DhcpChatServer/DhcpChatServer.ino	MegaCore:avr:640:bootloader=no_bootloader,pinout=mega_pinout,BOD=2v7,LTO=Os,clock=8MHz_external	1.6.9	18996	849	0	false	0	0		0	
2020-03-07 14:00:20	124	124.21	https://travis-ci.org/MCUdude/MegaCore/jobs/659504718	push	false	false	master	1c5ed78b08bd03f1a51fcd56fafd5ae81c247f63	189f59791b4a...1c5ed78b08bd	Add programmers	/home/travis/Arduino/hardware/MegaCore/avr/libraries/Ethernet/examples/WebServer/WebServer.ino	MegaCore:avr:640:bootloader=no_bootloader,pinout=mega_pinout,BOD=2v7,LTO=Os,clock=8MHz_external	1.6.9	15922	788	0	false	0	0		0	
2020-03-07 14:00:26	124	124.21	https://travis-ci.org/MCUdude/MegaCore/jobs/659504718	push	false	false	master	1c5ed78b08bd03f1a51fcd56fafd5ae81c247f63	189f59791b4a...1c5ed78b08bd	Add programmers	/home/travis/Arduino/hardware/MegaCore/avr/libraries/Ethernet/examples/TelnetClient/TelnetClient.ino	MegaCore:avr:640:bootloader=no_bootloader,pinout=mega_pinout,BOD=2v7,LTO=Os,clock=8MHz_external	1.6.9	14482	649	0	false	0	0		0	
2020-03-07 14:00:32	124	124.21	https://travis-ci.org/MCUdude/MegaCore/jobs/659504718	push	false	false	master	1c5ed78b08bd03f1a51fcd56fafd5ae81c247f63	189f59791b4a...1c5ed78b08bd	Add programmers	/home/travis/Arduino/hardware/MegaCore/avr/libraries/Ethernet/examples/PachubeClient/PachubeClient.ino	MegaCore:avr:640:bootloader=no_bootloader,pinout=mega_pinout,BOD=2v7,LTO=Os,clock=8MHz_external	1.6.9	18544	870	0	false	0	0		0	
2020-03-07 14:00:37	124	124.21	https://travis-ci.org/MCUdude/MegaCore/jobs/659504718	push	false	false	master	1c5ed78b08bd03f1a51fcd56fafd5ae81c247f63	189f59791b4a...1c5ed78b08bd	Add programmers	/home/travis/Arduino/hardware/MegaCore/avr/libraries/Ethernet/examples/PachubeClientString/PachubeClientString.ino	MegaCore:avr:640:bootloader=no_bootloader,pinout=mega_pinout,BOD=2v7,LTO=Os,clock=8MHz_external	1.6.9	20376	890	0	false	0	0		0	
2020-03-07 14:00:43	124	124.21	https://travis-ci.org/MCUdude/MegaCore/jobs/659504718	push	false	false	master	1c5ed78b08bd03f1a51fcd56fafd5ae81c247f63	189f59791b4a...1c5ed78b08bd	Add programmers	/home/travis/Arduino/hardware/MegaCore/avr/libraries/Ethernet/examples/AdvancedChatServer/AdvancedChatServer.ino	MegaCore:avr:640:bootloader=no_bootloader,pinout=mega_pinout,BOD=2v7,LTO=Os,clock=8MHz_external	1.6.9	15742	814	0	false	0	0		0	
2020-03-07 14:00:48	124	124.21	https://travis-ci.org/MCUdude/MegaCore/jobs/659504718	push	false	false	master	1c5ed78b08bd03f1a51fcd56fafd5ae81c247f63	189f59791b4a...1c5ed78b08bd	Add programmers	/home/travis/Arduino/hardware/MegaCore/avr/libraries/AVR_examples/examples/Blink_using_Timer0/Blink_using_Timer0.ino	MegaCore:avr:640:bootloader=no_bootloader,pinout=mega_pinout,BOD=2v7,LTO=Os,clock=8MHz_external	1.6.9	366	3	0	false	0	0		0	
2020-03-07 14:00:52	124	124.21	https://travis-ci.org/MCUdude/MegaCore/jobs/659504718	push	false	false	master	1c5ed78b08bd03f1a51fcd56fafd5ae81c247f63	189f59791b4a...1c5ed78b08bd	Add programmers	/home/travis/Arduino/hardware/MegaCore/avr/libraries/AVR_examples/examples/Read_port_write_port/Read_port_write_port.ino	MegaCore:avr:640:bootloader=no_bootloader,pinout=mega_pinout,BOD=2v7,LTO=Os,clock=8MHz_external	1.6.9	268	0	0	false	0	0		0	
2020-03-07 14:00:57	124	124.21	https://travis-ci.org/MCUdude/MegaCore/jobs/659504718	push	false	false	master	1c5ed78b08bd03f1a51fcd56fafd5ae81c247f63	189f59791b4a...1c5ed78b08bd	Add programmers	/home/travis/Arduino/hardware/MegaCore/avr/libraries/AVR_examples/examples/Measure_period_length/Measure_period_length.ino	MegaCore:avr:640:bootloader=no_bootloader,pinout=mega_pinout,BOD=2v7,LTO=Os,clock=8MHz_external	1.6.9	1992	200	0	false	0	0		0	
2020-03-07 14:01:02	124	124.21	https://travis-ci.org/MCUdude/MegaCore/jobs/659504718	push	false	false	master	1c5ed78b08bd03f1a51fcd56fafd5ae81c247f63	189f59791b4a...1c5ed78b08bd	Add programmers	/home/travis/Arduino/hardware/MegaCore/avr/libraries/AVR_examples/examples/Watch_dog_timer/Watch_dog_timer.ino	MegaCore:avr:640:bootloader=no_bootloader,pinout=mega_pinout,BOD=2v7,LTO=Os,clock=8MHz_external	1.6.9	360	2	0	false	0	0		0	
2020-03-07 14:01:07	124	124.21	https://travis-ci.org/MCUdude/MegaCore/jobs/659504718	push	false	false	master	1c5ed78b08bd03f1a51fcd56fafd5ae81c247f63	189f59791b4a...1c5ed78b08bd	Add programmers	/home/travis/Arduino/hardware/MegaCore/avr/libraries/AVR_examples/examples/Blink/Blink.ino	MegaCore:avr:640:bootloader=no_bootloader,pinout=mega_pinout,BOD=2v7,LTO=Os,clock=8MHz_external	1.6.9	300	0	0	false	0	0		0	
2020-03-07 14:01:12	124	124.21	https://travis-ci.org/MCUdude/MegaCore/jobs/659504718	push	false	false	master	1c5ed78b08bd03f1a51fcd56fafd5ae81c247f63	189f59791b4a...1c5ed78b08bd	Add programmers	/home/travis/Arduino/hardware/MegaCore/avr/libraries/SD/examples/Datalogger/Datalogger.ino	MegaCore:avr:640:bootloader=no_bootloader,pinout=mega_pinout,BOD=2v7,LTO=Os,clock=8MHz_external	1.6.9	14660	937	5	false	0	0		0	
2020-03-07 14:01:18	124	124.21	https://travis-ci.org/MCUdude/MegaCore/jobs/659504718	push	false	false	master	1c5ed78b08bd03f1a51fcd56fafd5ae81c247f63	189f59791b4a...1c5ed78b08bd	Add programmers	/home/travis/Arduino/hardware/MegaCore/avr/libraries/SD/examples/CardInfo/CardInfo.ino	MegaCore:avr:640:bootloader=no_bootloader,pinout=mega_pinout,BOD=2v7,LTO=Os,clock=8MHz_external	1.6.9	12120	1364	5	false	0	0		0	
2020-03-07 14:01:23	124	124.21	https://travis-ci.org/MCUdude/MegaCore/jobs/659504718	push	false	false	master	1c5ed78b08bd03f1a51fcd56fafd5ae81c247f63	189f59791b4a...1c5ed78b08bd	Add programmers	/home/travis/Arduino/hardware/MegaCore/avr/libraries/SD/examples/ReadWrite/ReadWrite.ino	MegaCore:avr:640:bootloader=no_bootloader,pinout=mega_pinout,BOD=2v7,LTO=Os,clock=8MHz_external	1.6.9	13548	1006	5	false	0	0		0	
2020-03-07 14:01:29	124	124.21	https://travis-ci.org/MCUdude/MegaCore/jobs/659504718	push	false	false	master	1c5ed78b08bd03f1a51fcd56fafd5ae81c247f63	189f59791b4a...1c5ed78b08bd	Add programmers	/home/travis/Arduino/hardware/MegaCore/avr/libraries/SD/examples/listfiles/listfiles.ino	MegaCore:avr:640:bootloader=no_bootloader,pinout=mega_pinout,BOD=2v7,LTO=Os,clock=8MHz_external	1.6.9	14282	942	5	false	0	0		0	
2020-03-07 14:01:35	124	124.21	https://travis-ci.org/MCUdude/MegaCore/jobs/659504718	push	false	false	master	1c5ed78b08bd03f1a51fcd56fafd5ae81c247f63	189f59791b4a...1c5ed78b08bd	Add programmers	/home/travis/Arduino/hardware/MegaCore/avr/libraries/SD/examples/DumpFile/DumpFile.ino	MegaCore:avr:640:bootloader=no_bootloader,pinout=mega_pinout,BOD=2v7,LTO=Os,clock=8MHz_external	1.6.9	13222	935	5	false	0	0		0	
2020-03-07 14:01:40	124	124.21	https://travis-ci.org/MCUdude/MegaCore/jobs/659504718	push	false	false	master	1c5ed78b08bd03f1a51fcd56fafd5ae81c247f63	189f59791b4a...1c5ed78b08bd	Add programmers	/home/travis/Arduino/hardware/MegaCore/avr/libraries/SD/examples/Files/Files.ino	MegaCore:avr:640:bootloader=no_bootloader,pinout=mega_pinout,BOD=2v7,LTO=Os,clock=8MHz_external	1.6.9	14138	1040	5	false	0	0		0	
2020-03-07 14:01:45	124	124.21	https://travis-ci.org/MCUdude/MegaCore/jobs/659504718	push	false	false	master	1c5ed78b08bd03f1a51fcd56fafd5ae81c247f63	189f59791b4a...1c5ed78b08bd	Add programmers	/home/travis/Arduino/hardware/MegaCore/avr/libraries/SoftwareSerial/examples/SoftwareSerialExample/SoftwareSerialExample.ino	MegaCore:avr:640:bootloader=no_bootloader,pinout=mega_pinout,BOD=2v7,LTO=Os,clock=8MHz_external	1.6.9	5740	359	0	false	0	0		0	
2020-03-07 14:01:50	124	124.21	https://travis-ci.org/MCUdude/MegaCore/jobs/659504718	push	false	false	master	1c5ed78b08bd03f1a51fcd56fafd5ae81c247f63	189f59791b4a...1c5ed78b08bd	Add programmers	/home/travis/Arduino/hardware/MegaCore/avr/libraries/SoftwareSerial/examples/TwoPortReceive/TwoPortReceive.ino	MegaCore:avr:640:bootloader=no_bootloader,pinout=mega_pinout,BOD=2v7,LTO=Os,clock=8MHz_external	1.6.9	5840	400	0	false	0	0		0	
2020-03-07 14:01:54	124	124.21	https://travis-ci.org/MCUdude/MegaCore/jobs/659504718	push	false	false	master	1c5ed78b08bd03f1a51fcd56fafd5ae81c247f63	189f59791b4a...1c5ed78b08bd	Add programmers	/home/travis/Arduino/hardware/MegaCore/avr/libraries/Servo/examples/Knob/Knob.ino	MegaCore:avr:640:bootloader=no_bootloader,pinout=mega_pinout,BOD=2v7,LTO=Os,clock=8MHz_external	1.6.9	3690	171	0	false	0	0		0	
2020-03-07 14:01:59	124	124.21	https://travis-ci.org/MCUdude/MegaCore/jobs/659504718	push	false	false	master	1c5ed78b08bd03f1a51fcd56fafd5ae81c247f63	189f59791b4a...1c5ed78b08bd	Add programmers	/home/travis/Arduino/hardware/MegaCore/avr/libraries/Servo/examples/Sweep/Sweep.ino	MegaCore:avr:640:bootloader=no_bootloader,pinout=mega_pinout,BOD=2v7,LTO=Os,clock=8MHz_external	1.6.9	3594	167	0	false	0	0		0	
2020-03-07 14:02:04	124	124.21	https://travis-ci.org/MCUdude/MegaCore/jobs/659504718	push	false	false	master	1c5ed78b08bd03f1a51fcd56fafd5ae81c247f63	189f59791b4a...1c5ed78b08bd	Add programmers	/home/travis/Arduino/hardware/MegaCore/avr/libraries/EEPROM/examples/eeprom_get/eeprom_get.ino	MegaCore:avr:640:bootloader=no_bootloader,pinout=mega_pinout,BOD=2v7,LTO=Os,clock=8MHz_external	1.6.9	4198	256	0	false	0	0		0	
2020-03-07 14:02:08	124	124.21	https://travis-ci.org/MCUdude/MegaCore/jobs/659504718	push	false	false	master	1c5ed78b08bd03f1a51fcd56fafd5ae81c247f63	189f59791b4a...1c5ed78b08bd	Add programmers	/home/travis/Arduino/hardware/MegaCore/avr/libraries/EEPROM/examples/eeprom_crc/eeprom_crc.ino	MegaCore:avr:640:bootloader=no_bootloader,pinout=mega_pinout,BOD=2v7,LTO=Os,clock=8MHz_external	1.6.9	2802	310	0	false	0	0		0	
2020-03-07 14:02:13	124	124.21	https://travis-ci.org/MCUdude/MegaCore/jobs/659504718	push	false	false	master	1c5ed78b08bd03f1a51fcd56fafd5ae81c247f63	189f59791b4a...1c5ed78b08bd	Add programmers	/home/travis/Arduino/hardware/MegaCore/avr/libraries/EEPROM/examples/eeprom_read/eeprom_read.ino	MegaCore:avr:640:bootloader=no_bootloader,pinout=mega_pinout,BOD=2v7,LTO=Os,clock=8MHz_external	1.6.9	2566	203	0	false	0	0		0	
2020-03-07 14:02:18	124	124.21	https://travis-ci.org/MCUdude/MegaCore/jobs/659504718	push	false	false	master	1c5ed78b08bd03f1a51fcd56fafd5ae81c247f63	189f59791b4a...1c5ed78b08bd	Add programmers	/home/travis/Arduino/hardware/MegaCore/avr/libraries/EEPROM/examples/eeprom_clear/eeprom_clear.ino	MegaCore:avr:640:bootloader=no_bootloader,pinout=mega_pinout,BOD=2v7,LTO=Os,clock=8MHz_external	1.6.9	1324	9	0	false	0	0		0	
2020-03-07 14:02:22	124	124.21	https://travis-ci.org/MCUdude/MegaCore/jobs/659504718	push	false	false	master	1c5ed78b08bd03f1a51fcd56fafd5ae81c247f63	189f59791b4a...1c5ed78b08bd	Add programmers	/home/travis/Arduino/hardware/MegaCore/avr/libraries/EEPROM/examples/eeprom_write/eeprom_write.ino	MegaCore:avr:640:bootloader=no_bootloader,pinout=mega_pinout,BOD=2v7,LTO=Os,clock=8MHz_external	1.6.9	1052	13	0	false	0	0		0	
2020-03-07 14:02:27	124	124.21	https://travis-ci.org/MCUdude/MegaCore/jobs/659504718	push	false	false	master	1c5ed78b08bd03f1a51fcd56fafd5ae81c247f63	189f59791b4a...1c5ed78b08bd	Add programmers	/home/travis/Arduino/hardware/MegaCore/avr/libraries/EEPROM/examples/eeprom_iteration/eeprom_iteration.ino	MegaCore:avr:640:bootloader=no_bootloader,pinout=mega_pinout,BOD=2v7,LTO=Os,clock=8MHz_external	1.6.9	874	9	0	false	0	0		0	
2020-03-07 14:02:32	124	124.21	https://travis-ci.org/MCUdude/MegaCore/jobs/659504718	push	false	false	master	1c5ed78b08bd03f1a51fcd56fafd5ae81c247f63	189f59791b4a...1c5ed78b08bd	Add programmers	/home/travis/Arduino/hardware/MegaCore/avr/libraries/EEPROM/examples/eeprom_update/eeprom_update.ino	MegaCore:avr:640:bootloader=no_bootloader,pinout=mega_pinout,BOD=2v7,LTO=Os,clock=8MHz_external	1.6.9	1102	13	0	false	0	0		0	
2020-03-07 14:02:37	124	124.21	https://travis-ci.org/MCUdude/MegaCore/jobs/659504718	push	false	false	master	1c5ed78b08bd03f1a51fcd56fafd5ae81c247f63	189f59791b4a...1c5ed78b08bd	Add programmers	/home/travis/Arduino/hardware/MegaCore/avr/libraries/EEPROM/examples/eeprom_put/eeprom_put.ino	MegaCore:avr:640:bootloader=no_bootloader,pinout=mega_pinout,BOD=2v7,LTO=Os,clock=8MHz_external	1.6.9	2500	340	0	false	0	0		0	
2020-03-07 14:02:41	124	124.21	https://travis-ci.org/MCUdude/MegaCore/jobs/659504718	push	false	false	master	1c5ed78b08bd03f1a51fcd56fafd5ae81c247f63	189f59791b4a...1c5ed78b08bd	Add programmers	/home/travis/Arduino/hardware/MegaCore/avr/libraries/Optiboot_flasher/examples/SerialReadWrite/SerialReadWrite.ino	MegaCore:avr:640:bootloader=no_bootloader,pinout=mega_pinout,BOD=2v7,LTO=Os,clock=8MHz_external	1.6.9	8110	465	0	false	0	0		0	
2020-03-07 14:02:46	124	124.21	https://travis-ci.org/MCUdude/MegaCore/jobs/659504718	push	false	false	master	1c5ed78b08bd03f1a51fcd56fafd5ae81c247f63	189f59791b4a...1c5ed78b08bd	Add programmers	/home/travis/Arduino/hardware/MegaCore/avr/libraries/Timer/examples/Events/Events.ino	MegaCore:avr:640:bootloader=no_bootloader,pinout=mega_pinout,BOD=2v7,LTO=Os,clock=8MHz_external	1.6.9	4524	550	0	false	0	0		0	
2020-03-07 14:02:51	124	124.21	https://travis-ci.org/MCUdude/MegaCore/jobs/659504718	push	false	false	master	1c5ed78b08bd03f1a51fcd56fafd5ae81c247f63	189f59791b4a...1c5ed78b08bd	Add programmers	/home/travis/Arduino/hardware/MegaCore/avr/libraries/Timer/examples/Pin_high_10_minutes/Pin_high_10_minutes.ino	MegaCore:avr:640:bootloader=no_bootloader,pinout=mega_pinout,BOD=2v7,LTO=Os,clock=8MHz_external	1.6.9	2020	205	1	false	0	0		0	
2020-03-07 14:02:55	124	124.21	https://travis-ci.org/MCUdude/MegaCore/jobs/659504718	push	false	false	master	1c5ed78b08bd03f1a51fcd56fafd5ae81c247f63	189f59791b4a...1c5ed78b08bd	Add programmers	/home/travis/Arduino/hardware/MegaCore/avr/libraries/Timer/examples/Multitasking/Multitasking.ino	MegaCore:avr:640:bootloader=no_bootloader,pinout=mega_pinout,BOD=2v7,LTO=Os,clock=8MHz_external	1.6.9	4040	454	1	false	0	0		0	
2020-03-07 14:03:00	124	124.21	https://travis-ci.org/MCUdude/MegaCore/jobs/659504718	push	false	false	master	1c5ed78b08bd03f1a51fcd56fafd5ae81c247f63	189f59791b4a...1c5ed78b08bd	Add programmers	/home/travis/Arduino/hardware/MegaCore/avr/libraries/Timer/examples/TimerTest/TimerTest.ino	MegaCore:avr:640:bootloader=no_bootloader,pinout=mega_pinout,BOD=2v7,LTO=Os,clock=8MHz_external	1.6.9	1986	203	0	false	0	0		0	
2020-03-07 14:03:05	124	124.21	https://travis-ci.org/MCUdude/MegaCore/jobs/659504718	push	false	false	master	1c5ed78b08bd03f1a51fcd56fafd5ae81c247f63	189f59791b4a...1c5ed78b08bd	Add programmers	/home/travis/Arduino/hardware/MegaCore/avr/libraries/SPI/examples/BarometricPressureSensor/BarometricPressureSensor.ino	MegaCore:avr:640:bootloader=no_bootloader,pinout=mega_pinout,BOD=2v7,LTO=Os,clock=8MHz_external	1.6.9	7320	235	1	false	0	0		0	
2020-03-07 14:03:09	124	124.21	https://travis-ci.org/MCUdude/MegaCore/jobs/659504718	push	false	false	master	1c5ed78b08bd03f1a51fcd56fafd5ae81c247f63	189f59791b4a...1c5ed78b08bd	Add programmers	/home/travis/Arduino/hardware/MegaCore/avr/libraries/SPI/examples/DigitalPotControl/DigitalPotControl.ino	MegaCore:avr:640:bootloader=no_bootloader,pinout=mega_pinout,BOD=2v7,LTO=Os,clock=8MHz_external	1.6.9	1886	10	0	false	0	0		0	
2020-03-07 14:03:14	124	124.21	https://travis-ci.org/MCUdude/MegaCore/jobs/659504718	push	false	false	master	1c5ed78b08bd03f1a51fcd56fafd5ae81c247f63	189f59791b4a...1c5ed78b08bd	Add programmers	/home/travis/Arduino/hardware/MegaCore/avr/libraries/Wire/examples/i2c_scanner/i2c_scanner.ino	MegaCore:avr:640:bootloader=no_bootloader,pinout=mega_pinout,BOD=2v7,LTO=Os,clock=8MHz_external	1.6.9	4916	528	2	false	0	0		0	
2020-03-07 14:03:19	124	124.21	https://travis-ci.org/MCUdude/MegaCore/jobs/659504718	push	false	false	master	1c5ed78b08bd03f1a51fcd56fafd5ae81c247f63	189f59791b4a...1c5ed78b08bd	Add programmers	/home/travis/Arduino/hardware/MegaCore/avr/libraries/Wire/examples/SFRRanger_reader/SFRRanger_reader.ino	MegaCore:avr:640:bootloader=no_bootloader,pinout=mega_pinout,BOD=2v7,LTO=Os,clock=8MHz_external	1.6.9	5194	412	2	false	0	0		0	
2020-03-07 14:03:24	124	124.21	https://travis-ci.org/MCUdude/MegaCore/jobs/659504718	push	false	false	master	1c5ed78b08bd03f1a51fcd56fafd5ae81c247f63	189f59791b4a...1c5ed78b08bd	Add programmers	/home/travis/Arduino/hardware/MegaCore/avr/libraries/Wire/examples/master_writer/master_writer.ino	MegaCore:avr:640:bootloader=no_bootloader,pinout=mega_pinout,BOD=2v7,LTO=Os,clock=8MHz_external	1.6.9	3078	228	2	false	0	0		0	
2020-03-07 14:03:29	124	124.21	https://travis-ci.org/MCUdude/MegaCore/jobs/659504718	push	false	false	master	1c5ed78b08bd03f1a51fcd56fafd5ae81c247f63	189f59791b4a...1c5ed78b08bd	Add programmers	/home/travis/Arduino/hardware/MegaCore/avr/libraries/Wire/examples/digital_potentiometer/digital_potentiometer.ino	MegaCore:avr:640:bootloader=no_bootloader,pinout=mega_pinout,BOD=2v7,LTO=Os,clock=8MHz_external	1.6.9	3064	222	2	false	0	0		0	
2020-03-07 14:03:34	124	124.21	https://travis-ci.org/MCUdude/MegaCore/jobs/659504718	push	false	false	master	1c5ed78b08bd03f1a51fcd56fafd5ae81c247f63	189f59791b4a...1c5ed78b08bd	Add programmers	/home/travis/Arduino/hardware/MegaCore/avr/libraries/Wire/examples/slave_receiver/slave_receiver.ino	MegaCore:avr:640:bootloader=no_bootloader,pinout=mega_pinout,BOD=2v7,LTO=Os,clock=8MHz_external	1.6.9	4564	409	3	false	0	0		0	
2020-03-07 14:03:38	124	124.21	https://travis-ci.org/MCUdude/MegaCore/jobs/659504718	push	false	false	master	1c5ed78b08bd03f1a51fcd56fafd5ae81c247f63	189f59791b4a...1c5ed78b08bd	Add programmers	/home/travis/Arduino/hardware/MegaCore/avr/libraries/Wire/examples/master_reader/master_reader.ino	MegaCore:avr:640:bootloader=no_bootloader,pinout=mega_pinout,BOD=2v7,LTO=Os,clock=8MHz_external	1.6.9	4644	394	2	false	0	0		0	
2020-03-07 14:03:43	124	124.21	https://travis-ci.org/MCUdude/MegaCore/jobs/659504718	push	false	false	master	1c5ed78b08bd03f1a51fcd56fafd5ae81c247f63	189f59791b4a...1c5ed78b08bd	Add programmers	/home/travis/Arduino/hardware/MegaCore/avr/libraries/Wire/examples/slave_sender/slave_sender.ino	MegaCore:avr:640:bootloader=no_bootloader,pinout=mega_pinout,BOD=2v7,LTO=Os,clock=8MHz_external	1.6.9	2864	228	2	false	0	0		0	
2020-03-07 14:03:51	124	124.21	https://travis-ci.org/MCUdude/MegaCore/jobs/659504718	push	false	false	master	1c5ed78b08bd03f1a51fcd56fafd5ae81c247f63	189f59791b4a...1c5ed78b08bd	Add programmers	/home/travis/Arduino/hardware/MegaCore/avr/libraries/Ethernet/examples/UDPSendReceiveString/UDPSendReceiveString.ino	MegaCore:avr:640:bootloader=no_bootloader,pinout=mega_pinout,BOD=2v7,LTO=Os,clock=8MHz_external	1.6.13	12598	639	0	false	0	0		0	
2020-03-07 14:03:57	124	124.21	https://travis-ci.org/MCUdude/MegaCore/jobs/659504718	push	false	false	master	1c5ed78b08bd03f1a51fcd56fafd5ae81c247f63	189f59791b4a...1c5ed78b08bd	Add programmers	/home/travis/Arduino/hardware/MegaCore/avr/libraries/Ethernet/examples/TwitterClient/TwitterClient.ino	MegaCore:avr:640:bootloader=no_bootloader,pinout=mega_pinout,BOD=2v7,LTO=Os,clock=8MHz_external	1.6.13	19900	908	0	false	0	0		0	
2020-03-07 14:04:03	124	124.21	https://travis-ci.org/MCUdude/MegaCore/jobs/659504718	push	false	false	master	1c5ed78b08bd03f1a51fcd56fafd5ae81c247f63	189f59791b4a...1c5ed78b08bd	Add programmers	/home/travis/Arduino/hardware/MegaCore/avr/libraries/Ethernet/examples/WebClientRepeating/WebClientRepeating.ino	MegaCore:avr:640:bootloader=no_bootloader,pinout=mega_pinout,BOD=2v7,LTO=Os,clock=8MHz_external	1.6.13	18174	953	0	false	0	0		0	
2020-03-07 14:04:09	124	124.21	https://travis-ci.org/MCUdude/MegaCore/jobs/659504718	push	false	false	master	1c5ed78b08bd03f1a51fcd56fafd5ae81c247f63	189f59791b4a...1c5ed78b08bd	Add programmers	/home/travis/Arduino/hardware/MegaCore/avr/libraries/Ethernet/examples/UdpNtpClient/UdpNtpClient.ino	MegaCore:avr:640:bootloader=no_bootloader,pinout=mega_pinout,BOD=2v7,LTO=Os,clock=8MHz_external	1.6.13	15928	819	0	false	0	0		0	
2020-03-07 14:04:14	124	124.21	https://travis-ci.org/MCUdude/MegaCore/jobs/659504718	push	false	false	master	1c5ed78b08bd03f1a51fcd56fafd5ae81c247f63	189f59791b4a...1c5ed78b08bd	Add programmers	/home/travis/Arduino/hardware/MegaCore/avr/libraries/Ethernet/examples/WebClient/WebClient.ino	MegaCore:avr:640:bootloader=no_bootloader,pinout=mega_pinout,BOD=2v7,LTO=Os,clock=8MHz_external	1.6.13	20242	1003	0	false	0	0		0	
2020-03-07 14:04:20	124	124.21	https://travis-ci.org/MCUdude/MegaCore/jobs/659504718	push	false	false	master	1c5ed78b08bd03f1a51fcd56fafd5ae81c247f63	189f59791b4a...1c5ed78b08bd	Add programmers	/home/travis/Arduino/hardware/MegaCore/avr/libraries/Ethernet/examples/ChatServer/ChatServer.ino	MegaCore:avr:640:bootloader=no_bootloader,pinout=mega_pinout,BOD=2v7,LTO=Os,clock=8MHz_external	1.6.13	14842	665	0	false	0	0		0	
2020-03-07 14:04:26	124	124.21	https://travis-ci.org/MCUdude/MegaCore/jobs/659504718	push	false	false	master	1c5ed78b08bd03f1a51fcd56fafd5ae81c247f63	189f59791b4a...1c5ed78b08bd	Add programmers	/home/travis/Arduino/hardware/MegaCore/avr/libraries/Ethernet/examples/DhcpAddressPrinter/DhcpAddressPrinter.ino	MegaCore:avr:640:bootloader=no_bootloader,pinout=mega_pinout,BOD=2v7,LTO=Os,clock=8MHz_external	1.6.13	15640	786	0	false	0	0		0	
2020-03-07 14:04:32	124	124.21	https://travis-ci.org/MCUdude/MegaCore/jobs/659504718	push	false	false	master	1c5ed78b08bd03f1a51fcd56fafd5ae81c247f63	189f59791b4a...1c5ed78b08bd	Add programmers	/home/travis/Arduino/hardware/MegaCore/avr/libraries/Ethernet/examples/XivelyClient/XivelyClient.ino	MegaCore:avr:640:bootloader=no_bootloader,pinout=mega_pinout,BOD=2v7,LTO=Os,clock=8MHz_external	1.6.13	18524	868	0	false	0	0		0	
2020-03-07 14:04:37	124	124.21	https://travis-ci.org/MCUdude/MegaCore/jobs/659504718	push	false	false	master	1c5ed78b08bd03f1a51fcd56fafd5ae81c247f63	189f59791b4a...1c5ed78b08bd	Add programmers	/home/travis/Arduino/hardware/MegaCore/avr/libraries/Ethernet/examples/XivelyClientString/XivelyClientString.ino	MegaCore:avr:640:bootloader=no_bootloader,pinout=mega_pinout,BOD=2v7,LTO=Os,clock=8MHz_external	1.6.13	20368	888	0	false	0	0		0	
2020-03-07 14:04:43	124	124.21	https://travis-ci.org/MCUdude/MegaCore/jobs/659504718	push	false	false	master	1c5ed78b08bd03f1a51fcd56fafd5ae81c247f63	189f59791b4a...1c5ed78b08bd	Add programmers	/home/travis/Arduino/hardware/MegaCore/avr/libraries/Ethernet/examples/LinkStatus/LinkStatus.ino	MegaCore:avr:640:bootloader=no_bootloader,pinout=mega_pinout,BOD=2v7,LTO=Os,clock=8MHz_external	1.6.13	5416	314	0	false	0	0		0	
2020-03-07 14:04:49	124	124.21	https://travis-ci.org/MCUdude/MegaCore/jobs/659504718	push	false	false	master	1c5ed78b08bd03f1a51fcd56fafd5ae81c247f63	189f59791b4a...1c5ed78b08bd	Add programmers	/home/travis/Arduino/hardware/MegaCore/avr/libraries/Ethernet/examples/BarometricPressureWebServer/BarometricPressureWebServer.ino	MegaCore:avr:640:bootloader=no_bootloader,pinout=mega_pinout,BOD=2v7,LTO=Os,clock=8MHz_external	1.6.13	19466	726	2	false	0	0		0	
2020-03-07 14:04:55	124	124.21	https://travis-ci.org/MCUdude/MegaCore/jobs/659504718	push	false	false	master	1c5ed78b08bd03f1a51fcd56fafd5ae81c247f63	189f59791b4a...1c5ed78b08bd	Add programmers	/home/travis/Arduino/hardware/MegaCore/avr/libraries/Ethernet/examples/DhcpChatServer/DhcpChatServer.ino	MegaCore:avr:640:bootloader=no_bootloader,pinout=mega_pinout,BOD=2v7,LTO=Os,clock=8MHz_external	1.6.13	18924	849	0	false	0	0		0	
2020-03-07 14:05:01	124	124.21	https://travis-ci.org/MCUdude/MegaCore/jobs/659504718	push	false	false	master	1c5ed78b08bd03f1a51fcd56fafd5ae81c247f63	189f59791b4a...1c5ed78b08bd	Add programmers	/home/travis/Arduino/hardware/MegaCore/avr/libraries/Ethernet/examples/WebServer/WebServer.ino	MegaCore:avr:640:bootloader=no_bootloader,pinout=mega_pinout,BOD=2v7,LTO=Os,clock=8MHz_external	1.6.13	15824	788	0	false	0	0		0	
2020-03-07 14:05:06	124	124.21	https://travis-ci.org/MCUdude/MegaCore/jobs/659504718	push	false	false	master	1c5ed78b08bd03f1a51fcd56fafd5ae81c247f63	189f59791b4a...1c5ed78b08bd	Add programmers	/home/travis/Arduino/hardware/MegaCore/avr/libraries/Ethernet/examples/TelnetClient/TelnetClient.ino	MegaCore:avr:640:bootloader=no_bootloader,pinout=mega_pinout,BOD=2v7,LTO=Os,clock=8MHz_external	1.6.13	14434	649	0	false	0	0		0	
2020-03-07 14:05:12	124	124.21	https://travis-ci.org/MCUdude/MegaCore/jobs/659504718	push	false	false	master	1c5ed78b08bd03f1a51fcd56fafd5ae81c247f63	189f59791b4a...1c5ed78b08bd	Add programmers	/home/travis/Arduino/hardware/MegaCore/avr/libraries/Ethernet/examples/PachubeClient/PachubeClient.ino	MegaCore:avr:640:bootloader=no_bootloader,pinout=mega_pinout,BOD=2v7,LTO=Os,clock=8MHz_external	1.6.13	18526	870	0	false	0	0		0	
2020-03-07 14:05:18	124	124.21	https://travis-ci.org/MCUdude/MegaCore/jobs/659504718	push	false	false	master	1c5ed78b08bd03f1a51fcd56fafd5ae81c247f63	189f59791b4a...1c5ed78b08bd	Add programmers	/home/travis/Arduino/hardware/MegaCore/avr/libraries/Ethernet/examples/PachubeClientString/PachubeClientString.ino	MegaCore:avr:640:bootloader=no_bootloader,pinout=mega_pinout,BOD=2v7,LTO=Os,clock=8MHz_external	1.6.13	20370	890	0	false	0	0		0	
2020-03-07 14:05:24	124	124.21	https://travis-ci.org/MCUdude/MegaCore/jobs/659504718	push	false	false	master	1c5ed78b08bd03f1a51fcd56fafd5ae81c247f63	189f59791b4a...1c5ed78b08bd	Add programmers	/home/travis/Arduino/hardware/MegaCore/avr/libraries/Ethernet/examples/AdvancedChatServer/AdvancedChatServer.ino	MegaCore:avr:640:bootloader=no_bootloader,pinout=mega_pinout,BOD=2v7,LTO=Os,clock=8MHz_external	1.6.13	15698	814	0	false	0	0		0	
2020-03-07 14:05:28	124	124.21	https://travis-ci.org/MCUdude/MegaCore/jobs/659504718	push	false	false	master	1c5ed78b08bd03f1a51fcd56fafd5ae81c247f63	189f59791b4a...1c5ed78b08bd	Add programmers	/home/travis/Arduino/hardware/MegaCore/avr/libraries/AVR_examples/examples/Blink_using_Timer0/Blink_using_Timer0.ino	MegaCore:avr:640:bootloader=no_bootloader,pinout=mega_pinout,BOD=2v7,LTO=Os,clock=8MHz_external	1.6.13	366	3	0	false	0	0		0	
2020-03-07 14:05:33	124	124.21	https://travis-ci.org/MCUdude/MegaCore/jobs/659504718	push	false	false	master	1c5ed78b08bd03f1a51fcd56fafd5ae81c247f63	189f59791b4a...1c5ed78b08bd	Add programmers	/home/travis/Arduino/hardware/MegaCore/avr/libraries/AVR_examples/examples/Read_port_write_port/Read_port_write_port.ino	MegaCore:avr:640:bootloader=no_bootloader,pinout=mega_pinout,BOD=2v7,LTO=Os,clock=8MHz_external	1.6.13	268	0	0	false	0	0		0	
2020-03-07 14:05:38	124	124.21	https://travis-ci.org/MCUdude/MegaCore/jobs/659504718	push	false	false	master	1c5ed78b08bd03f1a51fcd56fafd5ae81c247f63	189f59791b4a...1c5ed78b08bd	Add programmers	/home/travis/Arduino/hardware/MegaCore/avr/libraries/AVR_examples/examples/Measure_period_length/Measure_period_length.ino	MegaCore:avr:640:bootloader=no_bootloader,pinout=mega_pinout,BOD=2v7,LTO=Os,clock=8MHz_external	1.6.13	1886	200	0	false	0	0		0	
2020-03-07 14:05:42	124	124.21	https://travis-ci.org/MCUdude/MegaCore/jobs/659504718	push	false	false	master	1c5ed78b08bd03f1a51fcd56fafd5ae81c247f63	189f59791b4a...1c5ed78b08bd	Add programmers	/home/travis/Arduino/hardware/MegaCore/avr/libraries/AVR_examples/examples/Watch_dog_timer/Watch_dog_timer.ino	MegaCore:avr:640:bootloader=no_bootloader,pinout=mega_pinout,BOD=2v7,LTO=Os,clock=8MHz_external	1.6.13	358	2	0	false	0	0		0	
2020-03-07 14:05:47	124	124.21	https://travis-ci.org/MCUdude/MegaCore/jobs/659504718	push	false	false	master	1c5ed78b08bd03f1a51fcd56fafd5ae81c247f63	189f59791b4a...1c5ed78b08bd	Add programmers	/home/travis/Arduino/hardware/MegaCore/avr/libraries/AVR_examples/examples/Blink/Blink.ino	MegaCore:avr:640:bootloader=no_bootloader,pinout=mega_pinout,BOD=2v7,LTO=Os,clock=8MHz_external	1.6.13	300	0	0	false	0	0		0	
2020-03-07 14:05:53	124	124.21	https://travis-ci.org/MCUdude/MegaCore/jobs/659504718	push	false	false	master	1c5ed78b08bd03f1a51fcd56fafd5ae81c247f63	189f59791b4a...1c5ed78b08bd	Add programmers	/home/travis/Arduino/hardware/MegaCore/avr/libraries/SD/examples/Datalogger/Datalogger.ino	MegaCore:avr:640:bootloader=no_bootloader,pinout=mega_pinout,BOD=2v7,LTO=Os,clock=8MHz_external	1.6.13	14542	937	5	false	0	0		0	
2020-03-07 14:05:58	124	124.21	https://travis-ci.org/MCUdude/MegaCore/jobs/659504718	push	false	false	master	1c5ed78b08bd03f1a51fcd56fafd5ae81c247f63	189f59791b4a...1c5ed78b08bd	Add programmers	/home/travis/Arduino/hardware/MegaCore/avr/libraries/SD/examples/CardInfo/CardInfo.ino	MegaCore:avr:640:bootloader=no_bootloader,pinout=mega_pinout,BOD=2v7,LTO=Os,clock=8MHz_external	1.6.13	11986	1364	5	false	0	0		0	
2020-03-07 14:06:04	124	124.21	https://travis-ci.org/MCUdude/MegaCore/jobs/659504718	push	false	false	master	1c5ed78b08bd03f1a51fcd56fafd5ae81c247f63	189f59791b4a...1c5ed78b08bd	Add programmers	/home/travis/Arduino/hardware/MegaCore/avr/libraries/SD/examples/ReadWrite/ReadWrite.ino	MegaCore:avr:640:bootloader=no_bootloader,pinout=mega_pinout,BOD=2v7,LTO=Os,clock=8MHz_external	1.6.13	13420	1006	5	false	0	0		0	
2020-03-07 14:06:09	124	124.21	https://travis-ci.org/MCUdude/MegaCore/jobs/659504718	push	false	false	master	1c5ed78b08bd03f1a51fcd56fafd5ae81c247f63	189f59791b4a...1c5ed78b08bd	Add programmers	/home/travis/Arduino/hardware/MegaCore/avr/libraries/SD/examples/listfiles/listfiles.ino	MegaCore:avr:640:bootloader=no_bootloader,pinout=mega_pinout,BOD=2v7,LTO=Os,clock=8MHz_external	1.6.13	14150	942	5	false	0	0		0	
2020-03-07 14:06:15	124	124.21	https://travis-ci.org/MCUdude/MegaCore/jobs/659504718	push	false	false	master	1c5ed78b08bd03f1a51fcd56fafd5ae81c247f63	189f59791b4a...1c5ed78b08bd	Add programmers	/home/travis/Arduino/hardware/MegaCore/avr/libraries/SD/examples/DumpFile/DumpFile.ino	MegaCore:avr:640:bootloader=no_bootloader,pinout=mega_pinout,BOD=2v7,LTO=Os,clock=8MHz_external	1.6.13	13094	935	5	false	0	0		0	
2020-03-07 14:06:21	124	124.21	https://travis-ci.org/MCUdude/MegaCore/jobs/659504718	push	false	false	master	1c5ed78b08bd03f1a51fcd56fafd5ae81c247f63	189f59791b4a...1c5ed78b08bd	Add programmers	/home/travis/Arduino/hardware/MegaCore/avr/libraries/SD/examples/Files/Files.ino	MegaCore:avr:640:bootloader=no_bootloader,pinout=mega_pinout,BOD=2v7,LTO=Os,clock=8MHz_external	1.6.13	14034	1040	5	false	0	0		0	
2020-03-07 14:06:25	124	124.21	https://travis-ci.org/MCUdude/MegaCore/jobs/659504718	push	false	false	master	1c5ed78b08bd03f1a51fcd56fafd5ae81c247f63	189f59791b4a...1c5ed78b08bd	Add programmers	/home/travis/Arduino/hardware/MegaCore/avr/libraries/SoftwareSerial/examples/SoftwareSerialExample/SoftwareSerialExample.ino	MegaCore:avr:640:bootloader=no_bootloader,pinout=mega_pinout,BOD=2v7,LTO=Os,clock=8MHz_external	1.6.13	5634	359	0	false	0	0		0	
2020-03-07 14:06:30	124	124.21	https://travis-ci.org/MCUdude/MegaCore/jobs/659504718	push	false	false	master	1c5ed78b08bd03f1a51fcd56fafd5ae81c247f63	189f59791b4a...1c5ed78b08bd	Add programmers	/home/travis/Arduino/hardware/MegaCore/avr/libraries/SoftwareSerial/examples/TwoPortReceive/TwoPortReceive.ino	MegaCore:avr:640:bootloader=no_bootloader,pinout=mega_pinout,BOD=2v7,LTO=Os,clock=8MHz_external	1.6.13	5720	400	0	false	0	0		0	
2020-03-07 14:06:35	124	124.21	https://travis-ci.org/MCUdude/MegaCore/jobs/659504718	push	false	false	master	1c5ed78b08bd03f1a51fcd56fafd5ae81c247f63	189f59791b4a...1c5ed78b08bd	Add programmers	/home/travis/Arduino/hardware/MegaCore/avr/libraries/Servo/examples/Knob/Knob.ino	MegaCore:avr:640:bootloader=no_bootloader,pinout=mega_pinout,BOD=2v7,LTO=Os,clock=8MHz_external	1.6.13	3674	171	0	false	0	0		0	
2020-03-07 14:06:40	124	124.21	https://travis-ci.org/MCUdude/MegaCore/jobs/659504718	push	false	false	master	1c5ed78b08bd03f1a51fcd56fafd5ae81c247f63	189f59791b4a...1c5ed78b08bd	Add programmers	/home/travis/Arduino/hardware/MegaCore/avr/libraries/Servo/examples/Sweep/Sweep.ino	MegaCore:avr:640:bootloader=no_bootloader,pinout=mega_pinout,BOD=2v7,LTO=Os,clock=8MHz_external	1.6.13	3580	167	0	false	0	0		0	
2020-03-07 14:06:44	124	124.21	https://travis-ci.org/MCUdude/MegaCore/jobs/659504718	push	false	false	master	1c5ed78b08bd03f1a51fcd56fafd5ae81c247f63	189f59791b4a...1c5ed78b08bd	Add programmers	/home/travis/Arduino/hardware/MegaCore/avr/libraries/EEPROM/examples/eeprom_get/eeprom_get.ino	MegaCore:avr:640:bootloader=no_bootloader,pinout=mega_pinout,BOD=2v7,LTO=Os,clock=8MHz_external	1.6.13	4170	256	0	false	0	0		0	
2020-03-07 14:06:49	124	124.21	https://travis-ci.org/MCUdude/MegaCore/jobs/659504718	push	false	false	master	1c5ed78b08bd03f1a51fcd56fafd5ae81c247f63	189f59791b4a...1c5ed78b08bd	Add programmers	/home/travis/Arduino/hardware/MegaCore/avr/libraries/EEPROM/examples/eeprom_crc/eeprom_crc.ino	MegaCore:avr:640:bootloader=no_bootloader,pinout=mega_pinout,BOD=2v7,LTO=Os,clock=8MHz_external	1.6.13	2692	310	0	false	0	0		0	
2020-03-07 14:06:54	124	124.21	https://travis-ci.org/MCUdude/MegaCore/jobs/659504718	push	false	false	master	1c5ed78b08bd03f1a51fcd56fafd5ae81c247f63	189f59791b4a...1c5ed78b08bd	Add programmers	/home/travis/Arduino/hardware/MegaCore/avr/libraries/EEPROM/examples/eeprom_read/eeprom_read.ino	MegaCore:avr:640:bootloader=no_bootloader,pinout=mega_pinout,BOD=2v7,LTO=Os,clock=8MHz_external	1.6.13	2468	203	0	false	0	0		0	
2020-03-07 14:06:58	124	124.21	https://travis-ci.org/MCUdude/MegaCore/jobs/659504718	push	false	false	master	1c5ed78b08bd03f1a51fcd56fafd5ae81c247f63	189f59791b4a...1c5ed78b08bd	Add programmers	/home/travis/Arduino/hardware/MegaCore/avr/libraries/EEPROM/examples/eeprom_clear/eeprom_clear.ino	MegaCore:avr:640:bootloader=no_bootloader,pinout=mega_pinout,BOD=2v7,LTO=Os,clock=8MHz_external	1.6.13	1312	9	0	false	0	0		0	
2020-03-07 14:07:03	124	124.21	https://travis-ci.org/MCUdude/MegaCore/jobs/659504718	push	false	false	master	1c5ed78b08bd03f1a51fcd56fafd5ae81c247f63	189f59791b4a...1c5ed78b08bd	Add programmers	/home/travis/Arduino/hardware/MegaCore/avr/libraries/EEPROM/examples/eeprom_write/eeprom_write.ino	MegaCore:avr:640:bootloader=no_bootloader,pinout=mega_pinout,BOD=2v7,LTO=Os,clock=8MHz_external	1.6.13	1060	13	0	false	0	0		0	
2020-03-07 14:07:08	124	124.21	https://travis-ci.org/MCUdude/MegaCore/jobs/659504718	push	false	false	master	1c5ed78b08bd03f1a51fcd56fafd5ae81c247f63	189f59791b4a...1c5ed78b08bd	Add programmers	/home/travis/Arduino/hardware/MegaCore/avr/libraries/EEPROM/examples/eeprom_iteration/eeprom_iteration.ino	MegaCore:avr:640:bootloader=no_bootloader,pinout=mega_pinout,BOD=2v7,LTO=Os,clock=8MHz_external	1.6.13	874	9	0	false	0	0		0	
2020-03-07 14:07:12	124	124.21	https://travis-ci.org/MCUdude/MegaCore/jobs/659504718	push	false	false	master	1c5ed78b08bd03f1a51fcd56fafd5ae81c247f63	189f59791b4a...1c5ed78b08bd	Add programmers	/home/travis/Arduino/hardware/MegaCore/avr/libraries/EEPROM/examples/eeprom_update/eeprom_update.ino	MegaCore:avr:640:bootloader=no_bootloader,pinout=mega_pinout,BOD=2v7,LTO=Os,clock=8MHz_external	1.6.13	1110	13	0	false	0	0		0	
2020-03-07 14:07:17	124	124.21	https://travis-ci.org/MCUdude/MegaCore/jobs/659504718	push	false	false	master	1c5ed78b08bd03f1a51fcd56fafd5ae81c247f63	189f59791b4a...1c5ed78b08bd	Add programmers	/home/travis/Arduino/hardware/MegaCore/avr/libraries/EEPROM/examples/eeprom_put/eeprom_put.ino	MegaCore:avr:640:bootloader=no_bootloader,pinout=mega_pinout,BOD=2v7,LTO=Os,clock=8MHz_external	1.6.13	2416	340	0	false	0	0		0	
2020-03-07 14:07:22	124	124.21	https://travis-ci.org/MCUdude/MegaCore/jobs/659504718	push	false	false	master	1c5ed78b08bd03f1a51fcd56fafd5ae81c247f63	189f59791b4a...1c5ed78b08bd	Add programmers	/home/travis/Arduino/hardware/MegaCore/avr/libraries/Optiboot_flasher/examples/SerialReadWrite/SerialReadWrite.ino	MegaCore:avr:640:bootloader=no_bootloader,pinout=mega_pinout,BOD=2v7,LTO=Os,clock=8MHz_external	1.6.13	8046	465	0	false	0	0		0	
2020-03-07 14:07:26	124	124.21	https://travis-ci.org/MCUdude/MegaCore/jobs/659504718	push	false	false	master	1c5ed78b08bd03f1a51fcd56fafd5ae81c247f63	189f59791b4a...1c5ed78b08bd	Add programmers	/home/travis/Arduino/hardware/MegaCore/avr/libraries/Timer/examples/Events/Events.ino	MegaCore:avr:640:bootloader=no_bootloader,pinout=mega_pinout,BOD=2v7,LTO=Os,clock=8MHz_external	1.6.13	4416	550	0	false	0	0		0	
2020-03-07 14:07:31	124	124.21	https://travis-ci.org/MCUdude/MegaCore/jobs/659504718	push	false	false	master	1c5ed78b08bd03f1a51fcd56fafd5ae81c247f63	189f59791b4a...1c5ed78b08bd	Add programmers	/home/travis/Arduino/hardware/MegaCore/avr/libraries/Timer/examples/Pin_high_10_minutes/Pin_high_10_minutes.ino	MegaCore:avr:640:bootloader=no_bootloader,pinout=mega_pinout,BOD=2v7,LTO=Os,clock=8MHz_external	1.6.13	2020	205	1	false	0	0		0	
2020-03-07 14:07:36	124	124.21	https://travis-ci.org/MCUdude/MegaCore/jobs/659504718	push	false	false	master	1c5ed78b08bd03f1a51fcd56fafd5ae81c247f63	189f59791b4a...1c5ed78b08bd	Add programmers	/home/travis/Arduino/hardware/MegaCore/avr/libraries/Timer/examples/Multitasking/Multitasking.ino	MegaCore:avr:640:bootloader=no_bootloader,pinout=mega_pinout,BOD=2v7,LTO=Os,clock=8MHz_external	1.6.13	3940	454	1	false	0	0		0	
2020-03-07 14:07:40	124	124.21	https://travis-ci.org/MCUdude/MegaCore/jobs/659504718	push	false	false	master	1c5ed78b08bd03f1a51fcd56fafd5ae81c247f63	189f59791b4a...1c5ed78b08bd	Add programmers	/home/travis/Arduino/hardware/MegaCore/avr/libraries/Timer/examples/TimerTest/TimerTest.ino	MegaCore:avr:640:bootloader=no_bootloader,pinout=mega_pinout,BOD=2v7,LTO=Os,clock=8MHz_external	1.6.13	1984	203	0	false	0	0		0	
2020-03-07 14:07:45	124	124.21	https://travis-ci.org/MCUdude/MegaCore/jobs/659504718	push	false	false	master	1c5ed78b08bd03f1a51fcd56fafd5ae81c247f63	189f59791b4a...1c5ed78b08bd	Add programmers	/home/travis/Arduino/hardware/MegaCore/avr/libraries/SPI/examples/BarometricPressureSensor/BarometricPressureSensor.ino	MegaCore:avr:640:bootloader=no_bootloader,pinout=mega_pinout,BOD=2v7,LTO=Os,clock=8MHz_external	1.6.13	7304	235	1	false	0	0		0	
2020-03-07 14:07:50	124	124.21	https://travis-ci.org/MCUdude/MegaCore/jobs/659504718	push	false	false	master	1c5ed78b08bd03f1a51fcd56fafd5ae81c247f63	189f59791b4a...1c5ed78b08bd	Add programmers	/home/travis/Arduino/hardware/MegaCore/avr/libraries/SPI/examples/DigitalPotControl/DigitalPotControl.ino	MegaCore:avr:640:bootloader=no_bootloader,pinout=mega_pinout,BOD=2v7,LTO=Os,clock=8MHz_external	1.6.13	1888	10	0	false	0	0		0	
2020-03-07 14:07:55	124	124.21	https://travis-ci.org/MCUdude/MegaCore/jobs/659504718	push	false	false	master	1c5ed78b08bd03f1a51fcd56fafd5ae81c247f63	189f59791b4a...1c5ed78b08bd	Add programmers	/home/travis/Arduino/hardware/MegaCore/avr/libraries/Wire/examples/i2c_scanner/i2c_scanner.ino	MegaCore:avr:640:bootloader=no_bootloader,pinout=mega_pinout,BOD=2v7,LTO=Os,clock=8MHz_external	1.6.13	4816	528	2	false	0	0		0	
2020-03-07 14:08:00	124	124.21	https://travis-ci.org/MCUdude/MegaCore/jobs/659504718	push	false	false	master	1c5ed78b08bd03f1a51fcd56fafd5ae81c247f63	189f59791b4a...1c5ed78b08bd	Add programmers	/home/travis/Arduino/hardware/MegaCore/avr/libraries/Wire/examples/SFRRanger_reader/SFRRanger_reader.ino	MegaCore:avr:640:bootloader=no_bootloader,pinout=mega_pinout,BOD=2v7,LTO=Os,clock=8MHz_external	1.6.13	5100	412	2	false	0	0		0	
2020-03-07 14:08:05	124	124.21	https://travis-ci.org/MCUdude/MegaCore/jobs/659504718	push	false	false	master	1c5ed78b08bd03f1a51fcd56fafd5ae81c247f63	189f59791b4a...1c5ed78b08bd	Add programmers	/home/travis/Arduino/hardware/MegaCore/avr/libraries/Wire/examples/master_writer/master_writer.ino	MegaCore:avr:640:bootloader=no_bootloader,pinout=mega_pinout,BOD=2v7,LTO=Os,clock=8MHz_external	1.6.13	3082	228	2	false	0	0		0	
2020-03-07 14:08:10	124	124.21	https://travis-ci.org/MCUdude/MegaCore/jobs/659504718	push	false	false	master	1c5ed78b08bd03f1a51fcd56fafd5ae81c247f63	189f59791b4a...1c5ed78b08bd	Add programmers	/home/travis/Arduino/hardware/MegaCore/avr/libraries/Wire/examples/digital_potentiometer/digital_potentiometer.ino	MegaCore:avr:640:bootloader=no_bootloader,pinout=mega_pinout,BOD=2v7,LTO=Os,clock=8MHz_external	1.6.13	3068	222	2	false	0	0		0	
2020-03-07 14:08:15	124	124.21	https://travis-ci.org/MCUdude/MegaCore/jobs/659504718	push	false	false	master	1c5ed78b08bd03f1a51fcd56fafd5ae81c247f63	189f59791b4a...1c5ed78b08bd	Add programmers	/home/travis/Arduino/hardware/MegaCore/avr/libraries/Wire/examples/slave_receiver/slave_receiver.ino	MegaCore:avr:640:bootloader=no_bootloader,pinout=mega_pinout,BOD=2v7,LTO=Os,clock=8MHz_external	1.6.13	4466	409	3	false	0	0		0	
2020-03-07 14:08:20	124	124.21	https://travis-ci.org/MCUdude/MegaCore/jobs/659504718	push	false	false	master	1c5ed78b08bd03f1a51fcd56fafd5ae81c247f63	189f59791b4a...1c5ed78b08bd	Add programmers	/home/travis/Arduino/hardware/MegaCore/avr/libraries/Wire/examples/master_reader/master_reader.ino	MegaCore:avr:640:bootloader=no_bootloader,pinout=mega_pinout,BOD=2v7,LTO=Os,clock=8MHz_external	1.6.13	4566	394	2	false	0	0		0	
2020-03-07 14:08:25	124	124.21	https://travis-ci.org/MCUdude/MegaCore/jobs/659504718	push	false	false	master	1c5ed78b08bd03f1a51fcd56fafd5ae81c247f63	189f59791b4a...1c5ed78b08bd	Add programmers	/home/travis/Arduino/hardware/MegaCore/avr/libraries/Wire/examples/slave_sender/slave_sender.ino	MegaCore:avr:640:bootloader=no_bootloader,pinout=mega_pinout,BOD=2v7,LTO=Os,clock=8MHz_external	1.6.13	2870	228	2	false	0	0		0	
2020-03-07 14:08:30	124	124.21	https://travis-ci.org/MCUdude/MegaCore/jobs/659504718	push	false	false	master	1c5ed78b08bd03f1a51fcd56fafd5ae81c247f63	189f59791b4a...1c5ed78b08bd	Add programmers	/home/travis/Arduino/hardware/MegaCore/avr/libraries/Ethernet/examples/UDPSendReceiveString/UDPSendReceiveString.ino	MegaCore:avr:640:bootloader=no_bootloader,pinout=mega_pinout,BOD=2v7,LTO=Os,clock=8MHz_external	1.8.6	12088	629	0	false	0	0		0	
2020-03-07 14:08:34	124	124.21	https://travis-ci.org/MCUdude/MegaCore/jobs/659504718	push	false	false	master	1c5ed78b08bd03f1a51fcd56fafd5ae81c247f63	189f59791b4a...1c5ed78b08bd	Add programmers	/home/travis/Arduino/hardware/MegaCore/avr/libraries/Ethernet/examples/TwitterClient/TwitterClient.ino	MegaCore:avr:640:bootloader=no_bootloader,pinout=mega_pinout,BOD=2v7,LTO=Os,clock=8MHz_external	1.8.6	19216	902	0	false	0	0		0	
2020-03-07 14:08:38	124	124.21	https://travis-ci.org/MCUdude/MegaCore/jobs/659504718	push	false	false	master	1c5ed78b08bd03f1a51fcd56fafd5ae81c247f63	189f59791b4a...1c5ed78b08bd	Add programmers	/home/travis/Arduino/hardware/MegaCore/avr/libraries/Ethernet/examples/WebClientRepeating/WebClientRepeating.ino	MegaCore:avr:640:bootloader=no_bootloader,pinout=mega_pinout,BOD=2v7,LTO=Os,clock=8MHz_external	1.8.6	17506	947	0	false	0	0		0	
2020-03-07 14:08:42	124	124.21	https://travis-ci.org/MCUdude/MegaCore/jobs/659504718	push	false	false	master	1c5ed78b08bd03f1a51fcd56fafd5ae81c247f63	189f59791b4a...1c5ed78b08bd	Add programmers	/home/travis/Arduino/hardware/MegaCore/avr/libraries/Ethernet/examples/UdpNtpClient/UdpNtpClient.ino	MegaCore:avr:640:bootloader=no_bootloader,pinout=mega_pinout,BOD=2v7,LTO=Os,clock=8MHz_external	1.8.6	15532	813	0	false	0	0		0	
2020-03-07 14:08:45	124	124.21	https://travis-ci.org/MCUdude/MegaCore/jobs/659504718	push	false	false	master	1c5ed78b08bd03f1a51fcd56fafd5ae81c247f63	189f59791b4a...1c5ed78b08bd	Add programmers	/home/travis/Arduino/hardware/MegaCore/avr/libraries/Ethernet/examples/WebClient/WebClient.ino	MegaCore:avr:640:bootloader=no_bootloader,pinout=mega_pinout,BOD=2v7,LTO=Os,clock=8MHz_external	1.8.6	19572	997	0	false	0	0		0	
2020-03-07 14:08:49	124	124.21	https://travis-ci.org/MCUdude/MegaCore/jobs/659504718	push	false	false	master	1c5ed78b08bd03f1a51fcd56fafd5ae81c247f63	189f59791b4a...1c5ed78b08bd	Add programmers	/home/travis/Arduino/hardware/MegaCore/avr/libraries/Ethernet/examples/ChatServer/ChatServer.ino	MegaCore:avr:640:bootloader=no_bootloader,pinout=mega_pinout,BOD=2v7,LTO=Os,clock=8MHz_external	1.8.6	14010	655	0	false	0	0		0	
2020-03-07 14:08:53	124	124.21	https://travis-ci.org/MCUdude/MegaCore/jobs/659504718	push	false	false	master	1c5ed78b08bd03f1a51fcd56fafd5ae81c247f63	189f59791b4a...1c5ed78b08bd	Add programmers	/home/travis/Arduino/hardware/MegaCore/avr/libraries/Ethernet/examples/DhcpAddressPrinter/DhcpAddressPrinter.ino	MegaCore:avr:640:bootloader=no_bootloader,pinout=mega_pinout,BOD=2v7,LTO=Os,clock=8MHz_external	1.8.6	15244	780	0	false	0	0		0	
2020-03-07 14:08:57	124	124.21	https://travis-ci.org/MCUdude/MegaCore/jobs/659504718	push	false	false	master	1c5ed78b08bd03f1a51fcd56fafd5ae81c247f63	189f59791b4a...1c5ed78b08bd	Add programmers	/home/travis/Arduino/hardware/MegaCore/avr/libraries/Ethernet/examples/XivelyClient/XivelyClient.ino	MegaCore:avr:640:bootloader=no_bootloader,pinout=mega_pinout,BOD=2v7,LTO=Os,clock=8MHz_external	1.8.6	17858	862	0	false	0	0		0	
2020-03-07 14:09:00	124	124.21	https://travis-ci.org/MCUdude/MegaCore/jobs/659504718	push	false	false	master	1c5ed78b08bd03f1a51fcd56fafd5ae81c247f63	189f59791b4a...1c5ed78b08bd	Add programmers	/home/travis/Arduino/hardware/MegaCore/avr/libraries/Ethernet/examples/XivelyClientString/XivelyClientString.ino	MegaCore:avr:640:bootloader=no_bootloader,pinout=mega_pinout,BOD=2v7,LTO=Os,clock=8MHz_external	1.8.6	19684	882	0	false	0	0		0	
2020-03-07 14:09:04	124	124.21	https://travis-ci.org/MCUdude/MegaCore/jobs/659504718	push	false	false	master	1c5ed78b08bd03f1a51fcd56fafd5ae81c247f63	189f59791b4a...1c5ed78b08bd	Add programmers	/home/travis/Arduino/hardware/MegaCore/avr/libraries/Ethernet/examples/LinkStatus/LinkStatus.ino	MegaCore:avr:640:bootloader=no_bootloader,pinout=mega_pinout,BOD=2v7,LTO=Os,clock=8MHz_external	1.8.6	5336	304	0	false	0	0		0	
2020-03-07 14:09:08	124	124.21	https://travis-ci.org/MCUdude/MegaCore/jobs/659504718	push	false	false	master	1c5ed78b08bd03f1a51fcd56fafd5ae81c247f63	189f59791b4a...1c5ed78b08bd	Add programmers	/home/travis/Arduino/hardware/MegaCore/avr/libraries/Ethernet/examples/BarometricPressureWebServer/BarometricPressureWebServer.ino	MegaCore:avr:640:bootloader=no_bootloader,pinout=mega_pinout,BOD=2v7,LTO=Os,clock=8MHz_external	1.8.6	18592	716	2	false	0	0		0	
2020-03-07 14:09:12	124	124.21	https://travis-ci.org/MCUdude/MegaCore/jobs/659504718	push	false	false	master	1c5ed78b08bd03f1a51fcd56fafd5ae81c247f63	189f59791b4a...1c5ed78b08bd	Add programmers	/home/travis/Arduino/hardware/MegaCore/avr/libraries/Ethernet/examples/DhcpChatServer/DhcpChatServer.ino	MegaCore:avr:640:bootloader=no_bootloader,pinout=mega_pinout,BOD=2v7,LTO=Os,clock=8MHz_external	1.8.6	18198	843	0	false	0	0		0	
2020-03-07 14:09:15	124	124.21	https://travis-ci.org/MCUdude/MegaCore/jobs/659504718	push	false	false	master	1c5ed78b08bd03f1a51fcd56fafd5ae81c247f63	189f59791b4a...1c5ed78b08bd	Add programmers	/home/travis/Arduino/hardware/MegaCore/avr/libraries/Ethernet/examples/WebServer/WebServer.ino	MegaCore:avr:640:bootloader=no_bootloader,pinout=mega_pinout,BOD=2v7,LTO=Os,clock=8MHz_external	1.8.6	14980	778	0	false	0	0		0	
2020-03-07 14:09:19	124	124.21	https://travis-ci.org/MCUdude/MegaCore/jobs/659504718	push	false	false	master	1c5ed78b08bd03f1a51fcd56fafd5ae81c247f63	189f59791b4a...1c5ed78b08bd	Add programmers	/home/travis/Arduino/hardware/MegaCore/avr/libraries/Ethernet/examples/TelnetClient/TelnetClient.ino	MegaCore:avr:640:bootloader=no_bootloader,pinout=mega_pinout,BOD=2v7,LTO=Os,clock=8MHz_external	1.8.6	13646	639	0	false	0	0		0	
2020-03-07 14:09:23	124	124.21	https://travis-ci.org/MCUdude/MegaCore/jobs/659504718	push	false	false	master	1c5ed78b08bd03f1a51fcd56fafd5ae81c247f63	189f59791b4a...1c5ed78b08bd	Add programmers	/home/travis/Arduino/hardware/MegaCore/avr/libraries/Ethernet/examples/PachubeClient/PachubeClient.ino	MegaCore:avr:640:bootloader=no_bootloader,pinout=mega_pinout,BOD=2v7,LTO=Os,clock=8MHz_external	1.8.6	17860	864	0	false	0	0		0	
2020-03-07 14:09:26	124	124.21	https://travis-ci.org/MCUdude/MegaCore/jobs/659504718	push	false	false	master	1c5ed78b08bd03f1a51fcd56fafd5ae81c247f63	189f59791b4a...1c5ed78b08bd	Add programmers	/home/travis/Arduino/hardware/MegaCore/avr/libraries/Ethernet/examples/PachubeClientString/PachubeClientString.ino	MegaCore:avr:640:bootloader=no_bootloader,pinout=mega_pinout,BOD=2v7,LTO=Os,clock=8MHz_external	1.8.6	19686	884	0	false	0	0		0	
2020-03-07 14:09:30	124	124.21	https://travis-ci.org/MCUdude/MegaCore/jobs/659504718	push	false	false	master	1c5ed78b08bd03f1a51fcd56fafd5ae81c247f63	189f59791b4a...1c5ed78b08bd	Add programmers	/home/travis/Arduino/hardware/MegaCore/avr/libraries/Ethernet/examples/AdvancedChatServer/AdvancedChatServer.ino	MegaCore:avr:640:bootloader=no_bootloader,pinout=mega_pinout,BOD=2v7,LTO=Os,clock=8MHz_external	1.8.6	14770	804	0	false	0	0		0	
2020-03-07 14:09:33	124	124.21	https://travis-ci.org/MCUdude/MegaCore/jobs/659504718	push	false	false	master	1c5ed78b08bd03f1a51fcd56fafd5ae81c247f63	189f59791b4a...1c5ed78b08bd	Add programmers	/home/travis/Arduino/hardware/MegaCore/avr/libraries/AVR_examples/examples/Blink_using_Timer0/Blink_using_Timer0.ino	MegaCore:avr:640:bootloader=no_bootloader,pinout=mega_pinout,BOD=2v7,LTO=Os,clock=8MHz_external	1.8.6	366	3	0	false	0	0		0	
2020-03-07 14:09:36	124	124.21	https://travis-ci.org/MCUdude/MegaCore/jobs/659504718	push	false	false	master	1c5ed78b08bd03f1a51fcd56fafd5ae81c247f63	189f59791b4a...1c5ed78b08bd	Add programmers	/home/travis/Arduino/hardware/MegaCore/avr/libraries/AVR_examples/examples/Read_port_write_port/Read_port_write_port.ino	MegaCore:avr:640:bootloader=no_bootloader,pinout=mega_pinout,BOD=2v7,LTO=Os,clock=8MHz_external	1.8.6	268	0	0	false	0	0		0	
2020-03-07 14:09:38	124	124.21	https://travis-ci.org/MCUdude/MegaCore/jobs/659504718	push	false	false	master	1c5ed78b08bd03f1a51fcd56fafd5ae81c247f63	189f59791b4a...1c5ed78b08bd	Add programmers	/home/travis/Arduino/hardware/MegaCore/avr/libraries/AVR_examples/examples/Measure_period_length/Measure_period_length.ino	MegaCore:avr:640:bootloader=no_bootloader,pinout=mega_pinout,BOD=2v7,LTO=Os,clock=8MHz_external	1.8.6	1884	200	0	false	0	0		0	
2020-03-07 14:09:41	124	124.21	https://travis-ci.org/MCUdude/MegaCore/jobs/659504718	push	false	false	master	1c5ed78b08bd03f1a51fcd56fafd5ae81c247f63	189f59791b4a...1c5ed78b08bd	Add programmers	/home/travis/Arduino/hardware/MegaCore/avr/libraries/AVR_examples/examples/Watch_dog_timer/Watch_dog_timer.ino	MegaCore:avr:640:bootloader=no_bootloader,pinout=mega_pinout,BOD=2v7,LTO=Os,clock=8MHz_external	1.8.6	358	2	0	false	0	0		0	
2020-03-07 14:09:44	124	124.21	https://travis-ci.org/MCUdude/MegaCore/jobs/659504718	push	false	false	master	1c5ed78b08bd03f1a51fcd56fafd5ae81c247f63	189f59791b4a...1c5ed78b08bd	Add programmers	/home/travis/Arduino/hardware/MegaCore/avr/libraries/AVR_examples/examples/Blink/Blink.ino	MegaCore:avr:640:bootloader=no_bootloader,pinout=mega_pinout,BOD=2v7,LTO=Os,clock=8MHz_external	1.8.6	300	0	0	false	0	0		0	
2020-03-07 14:09:47	124	124.21	https://travis-ci.org/MCUdude/MegaCore/jobs/659504718	push	false	false	master	1c5ed78b08bd03f1a51fcd56fafd5ae81c247f63	189f59791b4a...1c5ed78b08bd	Add programmers	/home/travis/Arduino/hardware/MegaCore/avr/libraries/SD/examples/Datalogger/Datalogger.ino	MegaCore:avr:640:bootloader=no_bootloader,pinout=mega_pinout,BOD=2v7,LTO=Os,clock=8MHz_external	1.8.6	14434	937	5	false	0	0		0	
2020-03-07 14:09:51	124	124.21	https://travis-ci.org/MCUdude/MegaCore/jobs/659504718	push	false	false	master	1c5ed78b08bd03f1a51fcd56fafd5ae81c247f63	189f59791b4a...1c5ed78b08bd	Add programmers	/home/travis/Arduino/hardware/MegaCore/avr/libraries/SD/examples/CardInfo/CardInfo.ino	MegaCore:avr:640:bootloader=no_bootloader,pinout=mega_pinout,BOD=2v7,LTO=Os,clock=8MHz_external	1.8.6	11894	1358	5	false	0	0		0	
2020-03-07 14:09:55	124	124.21	https://travis-ci.org/MCUdude/MegaCore/jobs/659504718	push	false	false	master	1c5ed78b08bd03f1a51fcd56fafd5ae81c247f63	189f59791b4a...1c5ed78b08bd	Add programmers	/home/travis/Arduino/hardware/MegaCore/avr/libraries/SD/examples/ReadWrite/ReadWrite.ino	MegaCore:avr:640:bootloader=no_bootloader,pinout=mega_pinout,BOD=2v7,LTO=Os,clock=8MHz_external	1.8.6	13266	1006	5	false	0	0		0	
2020-03-07 14:09:58	124	124.21	https://travis-ci.org/MCUdude/MegaCore/jobs/659504718	push	false	false	master	1c5ed78b08bd03f1a51fcd56fafd5ae81c247f63	189f59791b4a...1c5ed78b08bd	Add programmers	/home/travis/Arduino/hardware/MegaCore/avr/libraries/SD/examples/listfiles/listfiles.ino	MegaCore:avr:640:bootloader=no_bootloader,pinout=mega_pinout,BOD=2v7,LTO=Os,clock=8MHz_external	1.8.6	14006	942	5	false	0	0		0	
2020-03-07 14:10:02	124	124.21	https://travis-ci.org/MCUdude/MegaCore/jobs/659504718	push	false	false	master	1c5ed78b08bd03f1a51fcd56fafd5ae81c247f63	189f59791b4a...1c5ed78b08bd	Add programmers	/home/travis/Arduino/hardware/MegaCore/avr/libraries/SD/examples/DumpFile/DumpFile.ino	MegaCore:avr:640:bootloader=no_bootloader,pinout=mega_pinout,BOD=2v7,LTO=Os,clock=8MHz_external	1.8.6	12994	935	5	false	0	0		0	
2020-03-07 14:10:05	124	124.21	https://travis-ci.org/MCUdude/MegaCore/jobs/659504718	push	false	false	master	1c5ed78b08bd03f1a51fcd56fafd5ae81c247f63	189f59791b4a...1c5ed78b08bd	Add programmers	/home/travis/Arduino/hardware/MegaCore/avr/libraries/SD/examples/Files/Files.ino	MegaCore:avr:640:bootloader=no_bootloader,pinout=mega_pinout,BOD=2v7,LTO=Os,clock=8MHz_external	1.8.6	13946	1040	5	false	0	0		0	
2020-03-07 14:10:08	124	124.21	https://travis-ci.org/MCUdude/MegaCore/jobs/659504718	push	false	false	master	1c5ed78b08bd03f1a51fcd56fafd5ae81c247f63	189f59791b4a...1c5ed78b08bd	Add programmers	/home/travis/Arduino/hardware/MegaCore/avr/libraries/SoftwareSerial/examples/SoftwareSerialExample/SoftwareSerialExample.ino	MegaCore:avr:640:bootloader=no_bootloader,pinout=mega_pinout,BOD=2v7,LTO=Os,clock=8MHz_external	1.8.6	5626	359	0	false	0	0		0	
2020-03-07 14:10:11	124	124.21	https://travis-ci.org/MCUdude/MegaCore/jobs/659504718	push	false	false	master	1c5ed78b08bd03f1a51fcd56fafd5ae81c247f63	189f59791b4a...1c5ed78b08bd	Add programmers	/home/travis/Arduino/hardware/MegaCore/avr/libraries/SoftwareSerial/examples/TwoPortReceive/TwoPortReceive.ino	MegaCore:avr:640:bootloader=no_bootloader,pinout=mega_pinout,BOD=2v7,LTO=Os,clock=8MHz_external	1.8.6	5712	400	0	false	0	0		0	
2020-03-07 14:10:14	124	124.21	https://travis-ci.org/MCUdude/MegaCore/jobs/659504718	push	false	false	master	1c5ed78b08bd03f1a51fcd56fafd5ae81c247f63	189f59791b4a...1c5ed78b08bd	Add programmers	/home/travis/Arduino/hardware/MegaCore/avr/libraries/Servo/examples/Knob/Knob.ino	MegaCore:avr:640:bootloader=no_bootloader,pinout=mega_pinout,BOD=2v7,LTO=Os,clock=8MHz_external	1.8.6	3666	167	0	false	0	0		0	
2020-03-07 14:10:17	124	124.21	https://travis-ci.org/MCUdude/MegaCore/jobs/659504718	push	false	false	master	1c5ed78b08bd03f1a51fcd56fafd5ae81c247f63	189f59791b4a...1c5ed78b08bd	Add programmers	/home/travis/Arduino/hardware/MegaCore/avr/libraries/Servo/examples/Sweep/Sweep.ino	MegaCore:avr:640:bootloader=no_bootloader,pinout=mega_pinout,BOD=2v7,LTO=Os,clock=8MHz_external	1.8.6	3572	163	0	false	0	0		0	
2020-03-07 14:10:20	124	124.21	https://travis-ci.org/MCUdude/MegaCore/jobs/659504718	push	false	false	master	1c5ed78b08bd03f1a51fcd56fafd5ae81c247f63	189f59791b4a...1c5ed78b08bd	Add programmers	/home/travis/Arduino/hardware/MegaCore/avr/libraries/EEPROM/examples/eeprom_get/eeprom_get.ino	MegaCore:avr:640:bootloader=no_bootloader,pinout=mega_pinout,BOD=2v7,LTO=Os,clock=8MHz_external	1.8.6	4170	256	0	false	0	0		0	
2020-03-07 14:10:23	124	124.21	https://travis-ci.org/MCUdude/MegaCore/jobs/659504718	push	false	false	master	1c5ed78b08bd03f1a51fcd56fafd5ae81c247f63	189f59791b4a...1c5ed78b08bd	Add programmers	/home/travis/Arduino/hardware/MegaCore/avr/libraries/EEPROM/examples/eeprom_crc/eeprom_crc.ino	MegaCore:avr:640:bootloader=no_bootloader,pinout=mega_pinout,BOD=2v7,LTO=Os,clock=8MHz_external	1.8.6	2692	310	0	false	0	0		0	
2020-03-07 14:10:26	124	124.21	https://travis-ci.org/MCUdude/MegaCore/jobs/659504718	push	false	false	master	1c5ed78b08bd03f1a51fcd56fafd5ae81c247f63	189f59791b4a...1c5ed78b08bd	Add programmers	/home/travis/Arduino/hardware/MegaCore/avr/libraries/EEPROM/examples/eeprom_read/eeprom_read.ino	MegaCore:avr:640:bootloader=no_bootloader,pinout=mega_pinout,BOD=2v7,LTO=Os,clock=8MHz_external	1.8.6	2466	203	0	false	0	0		0	
2020-03-07 14:10:28	124	124.21	https://travis-ci.org/MCUdude/MegaCore/jobs/659504718	push	false	false	master	1c5ed78b08bd03f1a51fcd56fafd5ae81c247f63	189f59791b4a...1c5ed78b08bd	Add programmers	/home/travis/Arduino/hardware/MegaCore/avr/libraries/EEPROM/examples/eeprom_clear/eeprom_clear.ino	MegaCore:avr:640:bootloader=no_bootloader,pinout=mega_pinout,BOD=2v7,LTO=Os,clock=8MHz_external	1.8.6	1310	9	0	false	0	0		0	
2020-03-07 14:10:31	124	124.21	https://travis-ci.org/MCUdude/MegaCore/jobs/659504718	push	false	false	master	1c5ed78b08bd03f1a51fcd56fafd5ae81c247f63	189f59791b4a...1c5ed78b08bd	Add programmers	/home/travis/Arduino/hardware/MegaCore/avr/libraries/EEPROM/examples/eeprom_write/eeprom_write.ino	MegaCore:avr:640:bootloader=no_bootloader,pinout=mega_pinout,BOD=2v7,LTO=Os,clock=8MHz_external	1.8.6	1060	13	0	false	0	0		0	
2020-03-07 14:10:34	124	124.21	https://travis-ci.org/MCUdude/MegaCore/jobs/659504718	push	false	false	master	1c5ed78b08bd03f1a51fcd56fafd5ae81c247f63	189f59791b4a...1c5ed78b08bd	Add programmers	/home/travis/Arduino/hardware/MegaCore/avr/libraries/EEPROM/examples/eeprom_iteration/eeprom_iteration.ino	MegaCore:avr:640:bootloader=no_bootloader,pinout=mega_pinout,BOD=2v7,LTO=Os,clock=8MHz_external	1.8.6	862	9	0	false	0	0		0	
2020-03-07 14:10:37	124	124.21	https://travis-ci.org/MCUdude/MegaCore/jobs/659504718	push	false	false	master	1c5ed78b08bd03f1a51fcd56fafd5ae81c247f63	189f59791b4a...1c5ed78b08bd	Add programmers	/home/travis/Arduino/hardware/MegaCore/avr/libraries/EEPROM/examples/eeprom_update/eeprom_update.ino	MegaCore:avr:640:bootloader=no_bootloader,pinout=mega_pinout,BOD=2v7,LTO=Os,clock=8MHz_external	1.8.6	1110	13	0	false	0	0		0	
2020-03-07 14:10:39	124	124.21	https://travis-ci.org/MCUdude/MegaCore/jobs/659504718	push	false	false	master	1c5ed78b08bd03f1a51fcd56fafd5ae81c247f63	189f59791b4a...1c5ed78b08bd	Add programmers	/home/travis/Arduino/hardware/MegaCore/avr/libraries/EEPROM/examples/eeprom_put/eeprom_put.ino	MegaCore:avr:640:bootloader=no_bootloader,pinout=mega_pinout,BOD=2v7,LTO=Os,clock=8MHz_external	1.8.6	2390	340	0	false	0	0		0	
2020-03-07 14:10:42	124	124.21	https://travis-ci.org/MCUdude/MegaCore/jobs/659504718	push	false	false	master	1c5ed78b08bd03f1a51fcd56fafd5ae81c247f63	189f59791b4a...1c5ed78b08bd	Add programmers	/home/travis/Arduino/hardware/MegaCore/avr/libraries/Optiboot_flasher/examples/SerialReadWrite/SerialReadWrite.ino	MegaCore:avr:640:bootloader=no_bootloader,pinout=mega_pinout,BOD=2v7,LTO=Os,clock=8MHz_external	1.8.6	7996	459	0	false	0	0		0	
2020-03-07 14:10:45	124	124.21	https://travis-ci.org/MCUdude/MegaCore/jobs/659504718	push	false	false	master	1c5ed78b08bd03f1a51fcd56fafd5ae81c247f63	189f59791b4a...1c5ed78b08bd	Add programmers	/home/travis/Arduino/hardware/MegaCore/avr/libraries/Timer/examples/Events/Events.ino	MegaCore:avr:640:bootloader=no_bootloader,pinout=mega_pinout,BOD=2v7,LTO=Os,clock=8MHz_external	1.8.6	4346	550	0	false	0	0		0	
2020-03-07 14:10:48	124	124.21	https://travis-ci.org/MCUdude/MegaCore/jobs/659504718	push	false	false	master	1c5ed78b08bd03f1a51fcd56fafd5ae81c247f63	189f59791b4a...1c5ed78b08bd	Add programmers	/home/travis/Arduino/hardware/MegaCore/avr/libraries/Timer/examples/Pin_high_10_minutes/Pin_high_10_minutes.ino	MegaCore:avr:640:bootloader=no_bootloader,pinout=mega_pinout,BOD=2v7,LTO=Os,clock=8MHz_external	1.8.6	1992	205	1	false	0	0		0	
2020-03-07 14:10:51	124	124.21	https://travis-ci.org/MCUdude/MegaCore/jobs/659504718	push	false	false	master	1c5ed78b08bd03f1a51fcd56fafd5ae81c247f63	189f59791b4a...1c5ed78b08bd	Add programmers	/home/travis/Arduino/hardware/MegaCore/avr/libraries/Timer/examples/Multitasking/Multitasking.ino	MegaCore:avr:640:bootloader=no_bootloader,pinout=mega_pinout,BOD=2v7,LTO=Os,clock=8MHz_external	1.8.6	3910	454	1	false	0	0		0	
2020-03-07 14:10:54	124	124.21	https://travis-ci.org/MCUdude/MegaCore/jobs/659504718	push	false	false	master	1c5ed78b08bd03f1a51fcd56fafd5ae81c247f63	189f59791b4a...1c5ed78b08bd	Add programmers	/home/travis/Arduino/hardware/MegaCore/avr/libraries/Timer/examples/TimerTest/TimerTest.ino	MegaCore:avr:640:bootloader=no_bootloader,pinout=mega_pinout,BOD=2v7,LTO=Os,clock=8MHz_external	1.8.6	1956	203	0	false	0	0		0	
2020-03-07 14:10:56	124	124.21	https://travis-ci.org/MCUdude/MegaCore/jobs/659504718	push	false	false	master	1c5ed78b08bd03f1a51fcd56fafd5ae81c247f63	189f59791b4a...1c5ed78b08bd	Add programmers	/home/travis/Arduino/hardware/MegaCore/avr/libraries/SPI/examples/BarometricPressureSensor/BarometricPressureSensor.ino	MegaCore:avr:640:bootloader=no_bootloader,pinout=mega_pinout,BOD=2v7,LTO=Os,clock=8MHz_external	1.8.6	7256	235	1	false	0	0		0	
2020-03-07 14:10:59	124	124.21	https://travis-ci.org/MCUdude/MegaCore/jobs/659504718	push	false	false	master	1c5ed78b08bd03f1a51fcd56fafd5ae81c247f63	189f59791b4a...1c5ed78b08bd	Add programmers	/home/travis/Arduino/hardware/MegaCore/avr/libraries/SPI/examples/DigitalPotControl/DigitalPotControl.ino	MegaCore:avr:640:bootloader=no_bootloader,pinout=mega_pinout,BOD=2v7,LTO=Os,clock=8MHz_external	1.8.6	1886	10	0	false	0	0		0	
2020-03-07 14:11:03	124	124.21	https://travis-ci.org/MCUdude/MegaCore/jobs/659504718	push	false	false	master	1c5ed78b08bd03f1a51fcd56fafd5ae81c247f63	189f59791b4a...1c5ed78b08bd	Add programmers	/home/travis/Arduino/hardware/MegaCore/avr/libraries/Wire/examples/i2c_scanner/i2c_scanner.ino	MegaCore:avr:640:bootloader=no_bootloader,pinout=mega_pinout,BOD=2v7,LTO=Os,clock=8MHz_external	1.8.6	4808	528	2	false	0	0		0	
2020-03-07 14:11:06	124	124.21	https://travis-ci.org/MCUdude/MegaCore/jobs/659504718	push	false	false	master	1c5ed78b08bd03f1a51fcd56fafd5ae81c247f63	189f59791b4a...1c5ed78b08bd	Add programmers	/home/travis/Arduino/hardware/MegaCore/avr/libraries/Wire/examples/SFRRanger_reader/SFRRanger_reader.ino	MegaCore:avr:640:bootloader=no_bootloader,pinout=mega_pinout,BOD=2v7,LTO=Os,clock=8MHz_external	1.8.6	5102	412	2	false	0	0		0	
2020-03-07 14:11:09	124	124.21	https://travis-ci.org/MCUdude/MegaCore/jobs/659504718	push	false	false	master	1c5ed78b08bd03f1a51fcd56fafd5ae81c247f63	189f59791b4a...1c5ed78b08bd	Add programmers	/home/travis/Arduino/hardware/MegaCore/avr/libraries/Wire/examples/master_writer/master_writer.ino	MegaCore:avr:640:bootloader=no_bootloader,pinout=mega_pinout,BOD=2v7,LTO=Os,clock=8MHz_external	1.8.6	3074	228	2	false	0	0		0	
2020-03-07 14:11:11	124	124.21	https://travis-ci.org/MCUdude/MegaCore/jobs/659504718	push	false	false	master	1c5ed78b08bd03f1a51fcd56fafd5ae81c247f63	189f59791b4a...1c5ed78b08bd	Add programmers	/home/travis/Arduino/hardware/MegaCore/avr/libraries/Wire/examples/digital_potentiometer/digital_potentiometer.ino	MegaCore:avr:640:bootloader=no_bootloader,pinout=mega_pinout,BOD=2v7,LTO=Os,clock=8MHz_external	1.8.6	3072	222	2	false	0	0		0	
2020-03-07 14:11:14	124	124.21	https://travis-ci.org/MCUdude/MegaCore/jobs/659504718	push	false	false	master	1c5ed78b08bd03f1a51fcd56fafd5ae81c247f63	189f59791b4a...1c5ed78b08bd	Add programmers	/home/travis/Arduino/hardware/MegaCore/avr/libraries/Wire/examples/slave_receiver/slave_receiver.ino	MegaCore:avr:640:bootloader=no_bootloader,pinout=mega_pinout,BOD=2v7,LTO=Os,clock=8MHz_external	1.8.6	4454	409	3	false	0	0		0	
2020-03-07 14:11:17	124	124.21	https://travis-ci.org/MCUdude/MegaCore/jobs/659504718	push	false	false	master	1c5ed78b08bd03f1a51fcd56fafd5ae81c247f63	189f59791b4a...1c5ed78b08bd	Add programmers	/home/travis/Arduino/hardware/MegaCore/avr/libraries/Wire/examples/master_reader/master_reader.ino	MegaCore:avr:640:bootloader=no_bootloader,pinout=mega_pinout,BOD=2v7,LTO=Os,clock=8MHz_external	1.8.6	4568	394	2	false	0	0		0	
2020-03-07 14:11:20	124	124.21	https://travis-ci.org/MCUdude/MegaCore/jobs/659504718	push	false	false	master	1c5ed78b08bd03f1a51fcd56fafd5ae81c247f63	189f59791b4a...1c5ed78b08bd	Add programmers	/home/travis/Arduino/hardware/MegaCore/avr/libraries/Wire/examples/slave_sender/slave_sender.ino	MegaCore:avr:640:bootloader=no_bootloader,pinout=mega_pinout,BOD=2v7,LTO=Os,clock=8MHz_external	1.8.6	2848	228	2	false	0	0		0	
2020-03-07 14:11:28	124	124.21	https://travis-ci.org/MCUdude/MegaCore/jobs/659504718	push	false	false	master	1c5ed78b08bd03f1a51fcd56fafd5ae81c247f63	189f59791b4a...1c5ed78b08bd	Add programmers	/home/travis/Arduino/hardware/MegaCore/avr/libraries/Ethernet/examples/UDPSendReceiveString/UDPSendReceiveString.ino	MegaCore:avr:640:bootloader=no_bootloader,pinout=mega_pinout,BOD=2v7,LTO=Os,clock=8MHz_external	1.8.12	12008	617	1	false	0	0		0	
2020-03-07 14:11:32	124	124.21	https://travis-ci.org/MCUdude/MegaCore/jobs/659504718	push	false	false	master	1c5ed78b08bd03f1a51fcd56fafd5ae81c247f63	189f59791b4a...1c5ed78b08bd	Add programmers	/home/travis/Arduino/hardware/MegaCore/avr/libraries/Ethernet/examples/TwitterClient/TwitterClient.ino	MegaCore:avr:640:bootloader=no_bootloader,pinout=mega_pinout,BOD=2v7,LTO=Os,clock=8MHz_external	1.8.12	19106	890	1	false	0	0		0	
2020-03-07 14:11:36	124	124.21	https://travis-ci.org/MCUdude/MegaCore/jobs/659504718	push	false	false	master	1c5ed78b08bd03f1a51fcd56fafd5ae81c247f63	189f59791b4a...1c5ed78b08bd	Add programmers	/home/travis/Arduino/hardware/MegaCore/avr/libraries/Ethernet/examples/WebClientRepeating/WebClientRepeating.ino	MegaCore:avr:640:bootloader=no_bootloader,pinout=mega_pinout,BOD=2v7,LTO=Os,clock=8MHz_external	1.8.12	17404	935	1	false	0	0		0	
2020-03-07 14:11:41	124	124.21	https://travis-ci.org/MCUdude/MegaCore/jobs/659504718	push	false	false	master	1c5ed78b08bd03f1a51fcd56fafd5ae81c247f63	189f59791b4a...1c5ed78b08bd	Add programmers	/home/travis/Arduino/hardware/MegaCore/avr/libraries/Ethernet/examples/UdpNtpClient/UdpNtpClient.ino	MegaCore:avr:640:bootloader=no_bootloader,pinout=mega_pinout,BOD=2v7,LTO=Os,clock=8MHz_external	1.8.12	15444	801	1	false	0	0		0	
2020-03-07 14:11:45	124	124.21	https://travis-ci.org/MCUdude/MegaCore/jobs/659504718	push	false	false	master	1c5ed78b08bd03f1a51fcd56fafd5ae81c247f63	189f59791b4a...1c5ed78b08bd	Add programmers	/home/travis/Arduino/hardware/MegaCore/avr/libraries/Ethernet/examples/WebClient/WebClient.ino	MegaCore:avr:640:bootloader=no_bootloader,pinout=mega_pinout,BOD=2v7,LTO=Os,clock=8MHz_external	1.8.12	19502	997	1	false	0	0		0	
2020-03-07 14:11:49	124	124.21	https://travis-ci.org/MCUdude/MegaCore/jobs/659504718	push	false	false	master	1c5ed78b08bd03f1a51fcd56fafd5ae81c247f63	189f59791b4a...1c5ed78b08bd	Add programmers	/home/travis/Arduino/hardware/MegaCore/avr/libraries/Ethernet/examples/ChatServer/ChatServer.ino	MegaCore:avr:640:bootloader=no_bootloader,pinout=mega_pinout,BOD=2v7,LTO=Os,clock=8MHz_external	1.8.12	13922	643	1	false	0	0		0	
2020-03-07 14:11:53	124	124.21	https://travis-ci.org/MCUdude/MegaCore/jobs/659504718	push	false	false	master	1c5ed78b08bd03f1a51fcd56fafd5ae81c247f63	189f59791b4a...1c5ed78b08bd	Add programmers	/home/travis/Arduino/hardware/MegaCore/avr/libraries/Ethernet/examples/DhcpAddressPrinter/DhcpAddressPrinter.ino	MegaCore:avr:640:bootloader=no_bootloader,pinout=mega_pinout,BOD=2v7,LTO=Os,clock=8MHz_external	1.8.12	15160	768	1	false	0	0		0	
2020-03-07 14:11:57	124	124.21	https://travis-ci.org/MCUdude/MegaCore/jobs/659504718	push	false	false	master	1c5ed78b08bd03f1a51fcd56fafd5ae81c247f63	189f59791b4a...1c5ed78b08bd	Add programmers	/home/travis/Arduino/hardware/MegaCore/avr/libraries/Ethernet/examples/XivelyClient/XivelyClient.ino	MegaCore:avr:640:bootloader=no_bootloader,pinout=mega_pinout,BOD=2v7,LTO=Os,clock=8MHz_external	1.8.12	17748	850	1	false	0	0		0	
2020-03-07 14:12:02	124	124.21	https://travis-ci.org/MCUdude/MegaCore/jobs/659504718	push	false	false	master	1c5ed78b08bd03f1a51fcd56fafd5ae81c247f63	189f59791b4a...1c5ed78b08bd	Add programmers	/home/travis/Arduino/hardware/MegaCore/avr/libraries/Ethernet/examples/XivelyClientString/XivelyClientString.ino	MegaCore:avr:640:bootloader=no_bootloader,pinout=mega_pinout,BOD=2v7,LTO=Os,clock=8MHz_external	1.8.12	19562	870	1	false	0	0		0	
2020-03-07 14:12:06	124	124.21	https://travis-ci.org/MCUdude/MegaCore/jobs/659504718	push	false	false	master	1c5ed78b08bd03f1a51fcd56fafd5ae81c247f63	189f59791b4a...1c5ed78b08bd	Add programmers	/home/travis/Arduino/hardware/MegaCore/avr/libraries/Ethernet/examples/LinkStatus/LinkStatus.ino	MegaCore:avr:640:bootloader=no_bootloader,pinout=mega_pinout,BOD=2v7,LTO=Os,clock=8MHz_external	1.8.12	5282	292	1	false	0	0		0	
2020-03-07 14:12:10	124	124.21	https://travis-ci.org/MCUdude/MegaCore/jobs/659504718	push	false	false	master	1c5ed78b08bd03f1a51fcd56fafd5ae81c247f63	189f59791b4a...1c5ed78b08bd	Add programmers	/home/travis/Arduino/hardware/MegaCore/avr/libraries/Ethernet/examples/BarometricPressureWebServer/BarometricPressureWebServer.ino	MegaCore:avr:640:bootloader=no_bootloader,pinout=mega_pinout,BOD=2v7,LTO=Os,clock=8MHz_external	1.8.12	18490	716	3	false	0	0		0	
2020-03-07 14:12:15	124	124.21	https://travis-ci.org/MCUdude/MegaCore/jobs/659504718	push	false	false	master	1c5ed78b08bd03f1a51fcd56fafd5ae81c247f63	189f59791b4a...1c5ed78b08bd	Add programmers	/home/travis/Arduino/hardware/MegaCore/avr/libraries/Ethernet/examples/DhcpChatServer/DhcpChatServer.ino	MegaCore:avr:640:bootloader=no_bootloader,pinout=mega_pinout,BOD=2v7,LTO=Os,clock=8MHz_external	1.8.12	18110	831	1	false	0	0		0	
2020-03-07 14:12:19	124	124.21	https://travis-ci.org/MCUdude/MegaCore/jobs/659504718	push	false	false	master	1c5ed78b08bd03f1a51fcd56fafd5ae81c247f63	189f59791b4a...1c5ed78b08bd	Add programmers	/home/travis/Arduino/hardware/MegaCore/avr/libraries/Ethernet/examples/WebServer/WebServer.ino	MegaCore:avr:640:bootloader=no_bootloader,pinout=mega_pinout,BOD=2v7,LTO=Os,clock=8MHz_external	1.8.12	14884	766	1	false	0	0		0	
2020-03-07 14:12:23	124	124.21	https://travis-ci.org/MCUdude/MegaCore/jobs/659504718	push	false	false	master	1c5ed78b08bd03f1a51fcd56fafd5ae81c247f63	189f59791b4a...1c5ed78b08bd	Add programmers	/home/travis/Arduino/hardware/MegaCore/avr/libraries/Ethernet/examples/TelnetClient/TelnetClient.ino	MegaCore:avr:640:bootloader=no_bootloader,pinout=mega_pinout,BOD=2v7,LTO=Os,clock=8MHz_external	1.8.12	13534	627	1	false	0	0		0	
2020-03-07 14:12:27	124	124.21	https://travis-ci.org/MCUdude/MegaCore/jobs/659504718	push	false	false	master	1c5ed78b08bd03f1a51fcd56fafd5ae81c247f63	189f59791b4a...1c5ed78b08bd	Add programmers	/home/travis/Arduino/hardware/MegaCore/avr/libraries/Ethernet/examples/PachubeClient/PachubeClient.ino	MegaCore:avr:640:bootloader=no_bootloader,pinout=mega_pinout,BOD=2v7,LTO=Os,clock=8MHz_external	1.8.12	17750	852	1	false	0	0		0	
2020-03-07 14:12:32	124	124.21	https://travis-ci.org/MCUdude/MegaCore/jobs/659504718	push	false	false	master	1c5ed78b08bd03f1a51fcd56fafd5ae81c247f63	189f59791b4a...1c5ed78b08bd	Add programmers	/home/travis/Arduino/hardware/MegaCore/avr/libraries/Ethernet/examples/PachubeClientString/PachubeClientString.ino	MegaCore:avr:640:bootloader=no_bootloader,pinout=mega_pinout,BOD=2v7,LTO=Os,clock=8MHz_external	1.8.12	19564	872	1	false	0	0		0	
2020-03-07 14:12:36	124	124.21	https://travis-ci.org/MCUdude/MegaCore/jobs/659504718	push	false	false	master	1c5ed78b08bd03f1a51fcd56fafd5ae81c247f63	189f59791b4a...1c5ed78b08bd	Add programmers	/home/travis/Arduino/hardware/MegaCore/avr/libraries/Ethernet/examples/AdvancedChatServer/AdvancedChatServer.ino	MegaCore:avr:640:bootloader=no_bootloader,pinout=mega_pinout,BOD=2v7,LTO=Os,clock=8MHz_external	1.8.12	14736	792	1	false	0	0		0	
2020-03-07 14:12:39	124	124.21	https://travis-ci.org/MCUdude/MegaCore/jobs/659504718	push	false	false	master	1c5ed78b08bd03f1a51fcd56fafd5ae81c247f63	189f59791b4a...1c5ed78b08bd	Add programmers	/home/travis/Arduino/hardware/MegaCore/avr/libraries/AVR_examples/examples/Blink_using_Timer0/Blink_using_Timer0.ino	MegaCore:avr:640:bootloader=no_bootloader,pinout=mega_pinout,BOD=2v7,LTO=Os,clock=8MHz_external	1.8.12	366	3	0	false	0	0		0	
2020-03-07 14:12:42	124	124.21	https://travis-ci.org/MCUdude/MegaCore/jobs/659504718	push	false	false	master	1c5ed78b08bd03f1a51fcd56fafd5ae81c247f63	189f59791b4a...1c5ed78b08bd	Add programmers	/home/travis/Arduino/hardware/MegaCore/avr/libraries/AVR_examples/examples/Read_port_write_port/Read_port_write_port.ino	MegaCore:avr:640:bootloader=no_bootloader,pinout=mega_pinout,BOD=2v7,LTO=Os,clock=8MHz_external	1.8.12	268	0	0	false	0	0		0	
2020-03-07 14:12:46	124	124.21	https://travis-ci.org/MCUdude/MegaCore/jobs/659504718	push	false	false	master	1c5ed78b08bd03f1a51fcd56fafd5ae81c247f63	189f59791b4a...1c5ed78b08bd	Add programmers	/home/travis/Arduino/hardware/MegaCore/avr/libraries/AVR_examples/examples/Measure_period_length/Measure_period_length.ino	MegaCore:avr:640:bootloader=no_bootloader,pinout=mega_pinout,BOD=2v7,LTO=Os,clock=8MHz_external	1.8.12	1862	188	0	false	0	0		0	
2020-03-07 14:12:49	124	124.21	https://travis-ci.org/MCUdude/MegaCore/jobs/659504718	push	false	false	master	1c5ed78b08bd03f1a51fcd56fafd5ae81c247f63	189f59791b4a...1c5ed78b08bd	Add programmers	/home/travis/Arduino/hardware/MegaCore/avr/libraries/AVR_examples/examples/Watch_dog_timer/Watch_dog_timer.ino	MegaCore:avr:640:bootloader=no_bootloader,pinout=mega_pinout,BOD=2v7,LTO=Os,clock=8MHz_external	1.8.12	358	2	0	false	0	0		0	
2020-03-07 14:12:52	124	124.21	https://travis-ci.org/MCUdude/MegaCore/jobs/659504718	push	false	false	master	1c5ed78b08bd03f1a51fcd56fafd5ae81c247f63	189f59791b4a...1c5ed78b08bd	Add programmers	/home/travis/Arduino/hardware/MegaCore/avr/libraries/AVR_examples/examples/Blink/Blink.ino	MegaCore:avr:640:bootloader=no_bootloader,pinout=mega_pinout,BOD=2v7,LTO=Os,clock=8MHz_external	1.8.12	300	0	0	false	0	0		0	
2020-03-07 14:12:56	124	124.21	https://travis-ci.org/MCUdude/MegaCore/jobs/659504718	push	false	false	master	1c5ed78b08bd03f1a51fcd56fafd5ae81c247f63	189f59791b4a...1c5ed78b08bd	Add programmers	/home/travis/Arduino/hardware/MegaCore/avr/libraries/SD/examples/Datalogger/Datalogger.ino	MegaCore:avr:640:bootloader=no_bootloader,pinout=mega_pinout,BOD=2v7,LTO=Os,clock=8MHz_external	1.8.12	14340	925	5	false	0	0		0	
2020-03-07 14:13:00	124	124.21	https://travis-ci.org/MCUdude/MegaCore/jobs/659504718	push	false	false	master	1c5ed78b08bd03f1a51fcd56fafd5ae81c247f63	189f59791b4a...1c5ed78b08bd	Add programmers	/home/travis/Arduino/hardware/MegaCore/avr/libraries/SD/examples/CardInfo/CardInfo.ino	MegaCore:avr:640:bootloader=no_bootloader,pinout=mega_pinout,BOD=2v7,LTO=Os,clock=8MHz_external	1.8.12	11840	1346	5	false	0	0		0	
2020-03-07 14:13:04	124	124.21	https://travis-ci.org/MCUdude/MegaCore/jobs/659504718	push	false	false	master	1c5ed78b08bd03f1a51fcd56fafd5ae81c247f63	189f59791b4a...1c5ed78b08bd	Add programmers	/home/travis/Arduino/hardware/MegaCore/avr/libraries/SD/examples/ReadWrite/ReadWrite.ino	MegaCore:avr:640:bootloader=no_bootloader,pinout=mega_pinout,BOD=2v7,LTO=Os,clock=8MHz_external	1.8.12	13224	994	5	false	0	0		0	
2020-03-07 14:13:08	124	124.21	https://travis-ci.org/MCUdude/MegaCore/jobs/659504718	push	false	false	master	1c5ed78b08bd03f1a51fcd56fafd5ae81c247f63	189f59791b4a...1c5ed78b08bd	Add programmers	/home/travis/Arduino/hardware/MegaCore/avr/libraries/SD/examples/listfiles/listfiles.ino	MegaCore:avr:640:bootloader=no_bootloader,pinout=mega_pinout,BOD=2v7,LTO=Os,clock=8MHz_external	1.8.12	14042	930	5	false	0	0		0	
2020-03-07 14:13:12	124	124.21	https://travis-ci.org/MCUdude/MegaCore/jobs/659504718	push	false	false	master	1c5ed78b08bd03f1a51fcd56fafd5ae81c247f63	189f59791b4a...1c5ed78b08bd	Add programmers	/home/travis/Arduino/hardware/MegaCore/avr/libraries/SD/examples/DumpFile/DumpFile.ino	MegaCore:avr:640:bootloader=no_bootloader,pinout=mega_pinout,BOD=2v7,LTO=Os,clock=8MHz_external	1.8.12	12952	923	5	false	0	0		0	
2020-03-07 14:13:16	124	124.21	https://travis-ci.org/MCUdude/MegaCore/jobs/659504718	push	false	false	master	1c5ed78b08bd03f1a51fcd56fafd5ae81c247f63	189f59791b4a...1c5ed78b08bd	Add programmers	/home/travis/Arduino/hardware/MegaCore/avr/libraries/SD/examples/Files/Files.ino	MegaCore:avr:640:bootloader=no_bootloader,pinout=mega_pinout,BOD=2v7,LTO=Os,clock=8MHz_external	1.8.12	13898	1028	5	false	0	0		0	
2020-03-07 14:13:20	124	124.21	https://travis-ci.org/MCUdude/MegaCore/jobs/659504718	push	false	false	master	1c5ed78b08bd03f1a51fcd56fafd5ae81c247f63	189f59791b4a...1c5ed78b08bd	Add programmers	/home/travis/Arduino/hardware/MegaCore/avr/libraries/SoftwareSerial/examples/SoftwareSerialExample/SoftwareSerialExample.ino	MegaCore:avr:640:bootloader=no_bootloader,pinout=mega_pinout,BOD=2v7,LTO=Os,clock=8MHz_external	1.8.12	5600	347	0	false	0	0		0	
2020-03-07 14:13:23	124	124.21	https://travis-ci.org/MCUdude/MegaCore/jobs/659504718	push	false	false	master	1c5ed78b08bd03f1a51fcd56fafd5ae81c247f63	189f59791b4a...1c5ed78b08bd	Add programmers	/home/travis/Arduino/hardware/MegaCore/avr/libraries/SoftwareSerial/examples/TwoPortReceive/TwoPortReceive.ino	MegaCore:avr:640:bootloader=no_bootloader,pinout=mega_pinout,BOD=2v7,LTO=Os,clock=8MHz_external	1.8.12	5686	388	0	false	0	0		0	
2020-03-07 14:13:26	124	124.21	https://travis-ci.org/MCUdude/MegaCore/jobs/659504718	push	false	false	master	1c5ed78b08bd03f1a51fcd56fafd5ae81c247f63	189f59791b4a...1c5ed78b08bd	Add programmers	/home/travis/Arduino/hardware/MegaCore/avr/libraries/Servo/examples/Knob/Knob.ino	MegaCore:avr:640:bootloader=no_bootloader,pinout=mega_pinout,BOD=2v7,LTO=Os,clock=8MHz_external	1.8.12	3620	167	0	false	0	0		0	
2020-03-07 14:13:30	124	124.21	https://travis-ci.org/MCUdude/MegaCore/jobs/659504718	push	false	false	master	1c5ed78b08bd03f1a51fcd56fafd5ae81c247f63	189f59791b4a...1c5ed78b08bd	Add programmers	/home/travis/Arduino/hardware/MegaCore/avr/libraries/Servo/examples/Sweep/Sweep.ino	MegaCore:avr:640:bootloader=no_bootloader,pinout=mega_pinout,BOD=2v7,LTO=Os,clock=8MHz_external	1.8.12	3532	163	0	false	0	0		0	
2020-03-07 14:13:33	124	124.21	https://travis-ci.org/MCUdude/MegaCore/jobs/659504718	push	false	false	master	1c5ed78b08bd03f1a51fcd56fafd5ae81c247f63	189f59791b4a...1c5ed78b08bd	Add programmers	/home/travis/Arduino/hardware/MegaCore/avr/libraries/EEPROM/examples/eeprom_get/eeprom_get.ino	MegaCore:avr:640:bootloader=no_bootloader,pinout=mega_pinout,BOD=2v7,LTO=Os,clock=8MHz_external	1.8.12	4166	256	0	false	0	0		0	
2020-03-07 14:13:36	124	124.21	https://travis-ci.org/MCUdude/MegaCore/jobs/659504718	push	false	false	master	1c5ed78b08bd03f1a51fcd56fafd5ae81c247f63	189f59791b4a...1c5ed78b08bd	Add programmers	/home/travis/Arduino/hardware/MegaCore/avr/libraries/EEPROM/examples/eeprom_crc/eeprom_crc.ino	MegaCore:avr:640:bootloader=no_bootloader,pinout=mega_pinout,BOD=2v7,LTO=Os,clock=8MHz_external	1.8.12	2666	298	0	false	0	0		0	
2020-03-07 14:13:39	124	124.21	https://travis-ci.org/MCUdude/MegaCore/jobs/659504718	push	false	false	master	1c5ed78b08bd03f1a51fcd56fafd5ae81c247f63	189f59791b4a...1c5ed78b08bd	Add programmers	/home/travis/Arduino/hardware/MegaCore/avr/libraries/EEPROM/examples/eeprom_read/eeprom_read.ino	MegaCore:avr:640:bootloader=no_bootloader,pinout=mega_pinout,BOD=2v7,LTO=Os,clock=8MHz_external	1.8.12	2432	191	0	false	0	0		0	
2020-03-07 14:13:43	124	124.21	https://travis-ci.org/MCUdude/MegaCore/jobs/659504718	push	false	false	master	1c5ed78b08bd03f1a51fcd56fafd5ae81c247f63	189f59791b4a...1c5ed78b08bd	Add programmers	/home/travis/Arduino/hardware/MegaCore/avr/libraries/EEPROM/examples/eeprom_clear/eeprom_clear.ino	MegaCore:avr:640:bootloader=no_bootloader,pinout=mega_pinout,BOD=2v7,LTO=Os,clock=8MHz_external	1.8.12	1306	9	0	false	0	0		0	
2020-03-07 14:13:46	124	124.21	https://travis-ci.org/MCUdude/MegaCore/jobs/659504718	push	false	false	master	1c5ed78b08bd03f1a51fcd56fafd5ae81c247f63	189f59791b4a...1c5ed78b08bd	Add programmers	/home/travis/Arduino/hardware/MegaCore/avr/libraries/EEPROM/examples/eeprom_write/eeprom_write.ino	MegaCore:avr:640:bootloader=no_bootloader,pinout=mega_pinout,BOD=2v7,LTO=Os,clock=8MHz_external	1.8.12	1048	13	0	false	0	0		0	
2020-03-07 14:13:49	124	124.21	https://travis-ci.org/MCUdude/MegaCore/jobs/659504718	push	false	false	master	1c5ed78b08bd03f1a51fcd56fafd5ae81c247f63	189f59791b4a...1c5ed78b08bd	Add programmers	/home/travis/Arduino/hardware/MegaCore/avr/libraries/EEPROM/examples/eeprom_iteration/eeprom_iteration.ino	MegaCore:avr:640:bootloader=no_bootloader,pinout=mega_pinout,BOD=2v7,LTO=Os,clock=8MHz_external	1.8.12	862	9	0	false	0	0		0	
2020-03-07 14:13:52	124	124.21	https://travis-ci.org/MCUdude/MegaCore/jobs/659504718	push	false	false	master	1c5ed78b08bd03f1a51fcd56fafd5ae81c247f63	189f59791b4a...1c5ed78b08bd	Add programmers	/home/travis/Arduino/hardware/MegaCore/avr/libraries/EEPROM/examples/eeprom_update/eeprom_update.ino	MegaCore:avr:640:bootloader=no_bootloader,pinout=mega_pinout,BOD=2v7,LTO=Os,clock=8MHz_external	1.8.12	1098	13	0	false	0	0		0	
2020-03-07 14:13:56	124	124.21	https://travis-ci.org/MCUdude/MegaCore/jobs/659504718	push	false	false	master	1c5ed78b08bd03f1a51fcd56fafd5ae81c247f63	189f59791b4a...1c5ed78b08bd	Add programmers	/home/travis/Arduino/hardware/MegaCore/avr/libraries/EEPROM/examples/eeprom_put/eeprom_put.ino	MegaCore:avr:640:bootloader=no_bootloader,pinout=mega_pinout,BOD=2v7,LTO=Os,clock=8MHz_external	1.8.12	2366	328	0	false	0	0		0	
2020-03-07 14:13:59	124	124.21	https://travis-ci.org/MCUdude/MegaCore/jobs/659504718	push	false	false	master	1c5ed78b08bd03f1a51fcd56fafd5ae81c247f63	189f59791b4a...1c5ed78b08bd	Add programmers	/home/travis/Arduino/hardware/MegaCore/avr/libraries/Optiboot_flasher/examples/SerialReadWrite/SerialReadWrite.ino	MegaCore:avr:640:bootloader=no_bootloader,pinout=mega_pinout,BOD=2v7,LTO=Os,clock=8MHz_external	1.8.12	7906	447	0	false	0	0		0	
2020-03-07 14:14:02	124	124.21	https://travis-ci.org/MCUdude/MegaCore/jobs/659504718	push	false	false	master	1c5ed78b08bd03f1a51fcd56fafd5ae81c247f63	189f59791b4a...1c5ed78b08bd	Add programmers	/home/travis/Arduino/hardware/MegaCore/avr/libraries/Timer/examples/Events/Events.ino	MegaCore:avr:640:bootloader=no_bootloader,pinout=mega_pinout,BOD=2v7,LTO=Os,clock=8MHz_external	1.8.12	4318	538	0	false	0	0		0	
2020-03-07 14:14:05	124	124.21	https://travis-ci.org/MCUdude/MegaCore/jobs/659504718	push	false	false	master	1c5ed78b08bd03f1a51fcd56fafd5ae81c247f63	189f59791b4a...1c5ed78b08bd	Add programmers	/home/travis/Arduino/hardware/MegaCore/avr/libraries/Timer/examples/Pin_high_10_minutes/Pin_high_10_minutes.ino	MegaCore:avr:640:bootloader=no_bootloader,pinout=mega_pinout,BOD=2v7,LTO=Os,clock=8MHz_external	1.8.12	1984	205	1	false	0	0		0	
2020-03-07 14:14:09	124	124.21	https://travis-ci.org/MCUdude/MegaCore/jobs/659504718	push	false	false	master	1c5ed78b08bd03f1a51fcd56fafd5ae81c247f63	189f59791b4a...1c5ed78b08bd	Add programmers	/home/travis/Arduino/hardware/MegaCore/avr/libraries/Timer/examples/Multitasking/Multitasking.ino	MegaCore:avr:640:bootloader=no_bootloader,pinout=mega_pinout,BOD=2v7,LTO=Os,clock=8MHz_external	1.8.12	3868	442	1	false	0	0		0	
2020-03-07 14:14:12	124	124.21	https://travis-ci.org/MCUdude/MegaCore/jobs/659504718	push	false	false	master	1c5ed78b08bd03f1a51fcd56fafd5ae81c247f63	189f59791b4a...1c5ed78b08bd	Add programmers	/home/travis/Arduino/hardware/MegaCore/avr/libraries/Timer/examples/TimerTest/TimerTest.ino	MegaCore:avr:640:bootloader=no_bootloader,pinout=mega_pinout,BOD=2v7,LTO=Os,clock=8MHz_external	1.8.12	1948	203	0	false	0	0		0	
2020-03-07 14:14:15	124	124.21	https://travis-ci.org/MCUdude/MegaCore/jobs/659504718	push	false	false	master	1c5ed78b08bd03f1a51fcd56fafd5ae81c247f63	189f59791b4a...1c5ed78b08bd	Add programmers	/home/travis/Arduino/hardware/MegaCore/avr/libraries/SPI/examples/BarometricPressureSensor/BarometricPressureSensor.ino	MegaCore:avr:640:bootloader=no_bootloader,pinout=mega_pinout,BOD=2v7,LTO=Os,clock=8MHz_external	1.8.12	7210	235	1	false	0	0		0	
2020-03-07 14:14:19	124	124.21	https://travis-ci.org/MCUdude/MegaCore/jobs/659504718	push	false	false	master	1c5ed78b08bd03f1a51fcd56fafd5ae81c247f63	189f59791b4a...1c5ed78b08bd	Add programmers	/home/travis/Arduino/hardware/MegaCore/avr/libraries/SPI/examples/DigitalPotControl/DigitalPotControl.ino	MegaCore:avr:640:bootloader=no_bootloader,pinout=mega_pinout,BOD=2v7,LTO=Os,clock=8MHz_external	1.8.12	1876	10	0	false	0	0		0	
2020-03-07 14:14:22	124	124.21	https://travis-ci.org/MCUdude/MegaCore/jobs/659504718	push	false	false	master	1c5ed78b08bd03f1a51fcd56fafd5ae81c247f63	189f59791b4a...1c5ed78b08bd	Add programmers	/home/travis/Arduino/hardware/MegaCore/avr/libraries/Wire/examples/i2c_scanner/i2c_scanner.ino	MegaCore:avr:640:bootloader=no_bootloader,pinout=mega_pinout,BOD=2v7,LTO=Os,clock=8MHz_external	1.8.12	4740	516	0	false	0	0		0	
2020-03-07 14:14:25	124	124.21	https://travis-ci.org/MCUdude/MegaCore/jobs/659504718	push	false	false	master	1c5ed78b08bd03f1a51fcd56fafd5ae81c247f63	189f59791b4a...1c5ed78b08bd	Add programmers	/home/travis/Arduino/hardware/MegaCore/avr/libraries/Wire/examples/SFRRanger_reader/SFRRanger_reader.ino	MegaCore:avr:640:bootloader=no_bootloader,pinout=mega_pinout,BOD=2v7,LTO=Os,clock=8MHz_external	1.8.12	5014	400	0	false	0	0		0	
2020-03-07 14:14:29	124	124.21	https://travis-ci.org/MCUdude/MegaCore/jobs/659504718	push	false	false	master	1c5ed78b08bd03f1a51fcd56fafd5ae81c247f63	189f59791b4a...1c5ed78b08bd	Add programmers	/home/travis/Arduino/hardware/MegaCore/avr/libraries/Wire/examples/master_writer/master_writer.ino	MegaCore:avr:640:bootloader=no_bootloader,pinout=mega_pinout,BOD=2v7,LTO=Os,clock=8MHz_external	1.8.12	3028	228	0	false	0	0		0	
2020-03-07 14:14:32	124	124.21	https://travis-ci.org/MCUdude/MegaCore/jobs/659504718	push	false	false	master	1c5ed78b08bd03f1a51fcd56fafd5ae81c247f63	189f59791b4a...1c5ed78b08bd	Add programmers	/home/travis/Arduino/hardware/MegaCore/avr/libraries/Wire/examples/digital_potentiometer/digital_potentiometer.ino	MegaCore:avr:640:bootloader=no_bootloader,pinout=mega_pinout,BOD=2v7,LTO=Os,clock=8MHz_external	1.8.12	3026	222	0	false	0	0		0	
2020-03-07 14:14:36	124	124.21	https://travis-ci.org/MCUdude/MegaCore/jobs/659504718	push	false	false	master	1c5ed78b08bd03f1a51fcd56fafd5ae81c247f63	189f59791b4a...1c5ed78b08bd	Add programmers	/home/travis/Arduino/hardware/MegaCore/avr/libraries/Wire/examples/slave_receiver/slave_receiver.ino	MegaCore:avr:640:bootloader=no_bootloader,pinout=mega_pinout,BOD=2v7,LTO=Os,clock=8MHz_external	1.8.12	4366	397	1	false	0	0		0	
2020-03-07 14:14:39	124	124.21	https://travis-ci.org/MCUdude/MegaCore/jobs/659504718	push	false	false	master	1c5ed78b08bd03f1a51fcd56fafd5ae81c247f63	189f59791b4a...1c5ed78b08bd	Add programmers	/home/travis/Arduino/hardware/MegaCore/avr/libraries/Wire/examples/master_reader/master_reader.ino	MegaCore:avr:640:bootloader=no_bootloader,pinout=mega_pinout,BOD=2v7,LTO=Os,clock=8MHz_external	1.8.12	4498	394	0	false	0	0		0	
2020-03-07 14:14:42	124	124.21	https://travis-ci.org/MCUdude/MegaCore/jobs/659504718	push	false	false	master	1c5ed78b08bd03f1a51fcd56fafd5ae81c247f63	189f59791b4a...1c5ed78b08bd	Add programmers	/home/travis/Arduino/hardware/MegaCore/avr/libraries/Wire/examples/slave_sender/slave_sender.ino	MegaCore:avr:640:bootloader=no_bootloader,pinout=mega_pinout,BOD=2v7,LTO=Os,clock=8MHz_external	1.8.12	2800	228	0	false	0	0		0	
