Build Timestamp (UTC)	Build	Job	Job URL	Build Trigger	Allow Job Failure	PR#	Branch	Commit	Commit Range	Commit Message	Sketch Filename	Board ID	IDE Version	Program Storage (bytes)	Dynamic Memory (bytes)	# Warnings	Allow Failure	Exit Status	# Board Issues	Board Issue	# Library Issues	Library Issue
2018-04-24 07:53:10	61	61.127	https://travis-ci.org/MCUdude/MegaCore/jobs/370300129	push	false	false	master	019e20e0741f3cb4c319e8e212dc5cdd0946f49c	743f88be77c4...019e20e0741f	Fix incorrect schematic	/home/travis/Arduino/hardware/MegaCore/avr/libraries/EEPROM/examples/eeprom_update/eeprom_update.ino	MegaCore:avr:64:BOD=2v7,LTO=Os,clock=1MHz_internal	1.6.7	882	13	3	false	0	0		0	
2018-04-24 07:53:14	61	61.127	https://travis-ci.org/MCUdude/MegaCore/jobs/370300129	push	false	false	master	019e20e0741f3cb4c319e8e212dc5cdd0946f49c	743f88be77c4...019e20e0741f	Fix incorrect schematic	/home/travis/Arduino/hardware/MegaCore/avr/libraries/EEPROM/examples/eeprom_crc/eeprom_crc.ino	MegaCore:avr:64:BOD=2v7,LTO=Os,clock=1MHz_internal	1.6.7	2438	310	3	false	0	0		0	
2018-04-24 07:53:17	61	61.127	https://travis-ci.org/MCUdude/MegaCore/jobs/370300129	push	false	false	master	019e20e0741f3cb4c319e8e212dc5cdd0946f49c	743f88be77c4...019e20e0741f	Fix incorrect schematic	/home/travis/Arduino/hardware/MegaCore/avr/libraries/EEPROM/examples/eeprom_iteration/eeprom_iteration.ino	MegaCore:avr:64:BOD=2v7,LTO=Os,clock=1MHz_internal	1.6.7	678	9	5	false	0	0		0	
2018-04-24 07:53:21	61	61.127	https://travis-ci.org/MCUdude/MegaCore/jobs/370300129	push	false	false	master	019e20e0741f3cb4c319e8e212dc5cdd0946f49c	743f88be77c4...019e20e0741f	Fix incorrect schematic	/home/travis/Arduino/hardware/MegaCore/avr/libraries/EEPROM/examples/eeprom_put/eeprom_put.ino	MegaCore:avr:64:BOD=2v7,LTO=Os,clock=1MHz_internal	1.6.7	2160	340	2	false	0	0		0	
2018-04-24 07:53:24	61	61.127	https://travis-ci.org/MCUdude/MegaCore/jobs/370300129	push	false	false	master	019e20e0741f3cb4c319e8e212dc5cdd0946f49c	743f88be77c4...019e20e0741f	Fix incorrect schematic	/home/travis/Arduino/hardware/MegaCore/avr/libraries/EEPROM/examples/eeprom_clear/eeprom_clear.ino	MegaCore:avr:64:BOD=2v7,LTO=Os,clock=1MHz_internal	1.6.7	912	9	3	false	0	0		0	
2018-04-24 07:53:28	61	61.127	https://travis-ci.org/MCUdude/MegaCore/jobs/370300129	push	false	false	master	019e20e0741f3cb4c319e8e212dc5cdd0946f49c	743f88be77c4...019e20e0741f	Fix incorrect schematic	/home/travis/Arduino/hardware/MegaCore/avr/libraries/EEPROM/examples/eeprom_read/eeprom_read.ino	MegaCore:avr:64:BOD=2v7,LTO=Os,clock=1MHz_internal	1.6.7	2380	203	3	false	0	0		0	
2018-04-24 07:53:33	61	61.127	https://travis-ci.org/MCUdude/MegaCore/jobs/370300129	push	false	false	master	019e20e0741f3cb4c319e8e212dc5cdd0946f49c	743f88be77c4...019e20e0741f	Fix incorrect schematic	/home/travis/Arduino/hardware/MegaCore/avr/libraries/EEPROM/examples/eeprom_get/eeprom_get.ino	MegaCore:avr:64:BOD=2v7,LTO=Os,clock=1MHz_internal	1.6.7	3916	256	2	false	0	0		0	
2018-04-24 07:53:37	61	61.127	https://travis-ci.org/MCUdude/MegaCore/jobs/370300129	push	false	false	master	019e20e0741f3cb4c319e8e212dc5cdd0946f49c	743f88be77c4...019e20e0741f	Fix incorrect schematic	/home/travis/Arduino/hardware/MegaCore/avr/libraries/EEPROM/examples/eeprom_write/eeprom_write.ino	MegaCore:avr:64:BOD=2v7,LTO=Os,clock=1MHz_internal	1.6.7	832	13	3	false	0	0		0	
2018-04-24 07:53:42	61	61.127	https://travis-ci.org/MCUdude/MegaCore/jobs/370300129	push	false	false	master	019e20e0741f3cb4c319e8e212dc5cdd0946f49c	743f88be77c4...019e20e0741f	Fix incorrect schematic	/home/travis/Arduino/hardware/MegaCore/avr/libraries/EEPROM/examples/eeprom_update/eeprom_update.ino	MegaCore:avr:64:BOD=2v7,LTO=Os,clock=1MHz_internal	1.6.8	882	13	3	false	0	0		0	
2018-04-24 07:53:46	61	61.127	https://travis-ci.org/MCUdude/MegaCore/jobs/370300129	push	false	false	master	019e20e0741f3cb4c319e8e212dc5cdd0946f49c	743f88be77c4...019e20e0741f	Fix incorrect schematic	/home/travis/Arduino/hardware/MegaCore/avr/libraries/EEPROM/examples/eeprom_crc/eeprom_crc.ino	MegaCore:avr:64:BOD=2v7,LTO=Os,clock=1MHz_internal	1.6.8	2438	310	3	false	0	0		0	
2018-04-24 07:53:49	61	61.127	https://travis-ci.org/MCUdude/MegaCore/jobs/370300129	push	false	false	master	019e20e0741f3cb4c319e8e212dc5cdd0946f49c	743f88be77c4...019e20e0741f	Fix incorrect schematic	/home/travis/Arduino/hardware/MegaCore/avr/libraries/EEPROM/examples/eeprom_iteration/eeprom_iteration.ino	MegaCore:avr:64:BOD=2v7,LTO=Os,clock=1MHz_internal	1.6.8	678	9	5	false	0	0		0	
2018-04-24 07:53:53	61	61.127	https://travis-ci.org/MCUdude/MegaCore/jobs/370300129	push	false	false	master	019e20e0741f3cb4c319e8e212dc5cdd0946f49c	743f88be77c4...019e20e0741f	Fix incorrect schematic	/home/travis/Arduino/hardware/MegaCore/avr/libraries/EEPROM/examples/eeprom_put/eeprom_put.ino	MegaCore:avr:64:BOD=2v7,LTO=Os,clock=1MHz_internal	1.6.8	2160	340	2	false	0	0		0	
2018-04-24 07:53:56	61	61.127	https://travis-ci.org/MCUdude/MegaCore/jobs/370300129	push	false	false	master	019e20e0741f3cb4c319e8e212dc5cdd0946f49c	743f88be77c4...019e20e0741f	Fix incorrect schematic	/home/travis/Arduino/hardware/MegaCore/avr/libraries/EEPROM/examples/eeprom_clear/eeprom_clear.ino	MegaCore:avr:64:BOD=2v7,LTO=Os,clock=1MHz_internal	1.6.8	912	9	3	false	0	0		0	
2018-04-24 07:54:00	61	61.127	https://travis-ci.org/MCUdude/MegaCore/jobs/370300129	push	false	false	master	019e20e0741f3cb4c319e8e212dc5cdd0946f49c	743f88be77c4...019e20e0741f	Fix incorrect schematic	/home/travis/Arduino/hardware/MegaCore/avr/libraries/EEPROM/examples/eeprom_read/eeprom_read.ino	MegaCore:avr:64:BOD=2v7,LTO=Os,clock=1MHz_internal	1.6.8	2380	203	3	false	0	0		0	
2018-04-24 07:54:03	61	61.127	https://travis-ci.org/MCUdude/MegaCore/jobs/370300129	push	false	false	master	019e20e0741f3cb4c319e8e212dc5cdd0946f49c	743f88be77c4...019e20e0741f	Fix incorrect schematic	/home/travis/Arduino/hardware/MegaCore/avr/libraries/EEPROM/examples/eeprom_get/eeprom_get.ino	MegaCore:avr:64:BOD=2v7,LTO=Os,clock=1MHz_internal	1.6.8	3916	256	2	false	0	0		0	
2018-04-24 07:54:07	61	61.127	https://travis-ci.org/MCUdude/MegaCore/jobs/370300129	push	false	false	master	019e20e0741f3cb4c319e8e212dc5cdd0946f49c	743f88be77c4...019e20e0741f	Fix incorrect schematic	/home/travis/Arduino/hardware/MegaCore/avr/libraries/EEPROM/examples/eeprom_write/eeprom_write.ino	MegaCore:avr:64:BOD=2v7,LTO=Os,clock=1MHz_internal	1.6.8	832	13	3	false	0	0		0	
2018-04-24 07:54:13	61	61.127	https://travis-ci.org/MCUdude/MegaCore/jobs/370300129	push	false	false	master	019e20e0741f3cb4c319e8e212dc5cdd0946f49c	743f88be77c4...019e20e0741f	Fix incorrect schematic	/home/travis/Arduino/hardware/MegaCore/avr/libraries/EEPROM/examples/eeprom_update/eeprom_update.ino	MegaCore:avr:64:BOD=2v7,LTO=Os,clock=1MHz_internal	1.6.9	882	13	3	false	0	0		0	
2018-04-24 07:54:16	61	61.127	https://travis-ci.org/MCUdude/MegaCore/jobs/370300129	push	false	false	master	019e20e0741f3cb4c319e8e212dc5cdd0946f49c	743f88be77c4...019e20e0741f	Fix incorrect schematic	/home/travis/Arduino/hardware/MegaCore/avr/libraries/EEPROM/examples/eeprom_crc/eeprom_crc.ino	MegaCore:avr:64:BOD=2v7,LTO=Os,clock=1MHz_internal	1.6.9	2438	310	3	false	0	0		0	
2018-04-24 07:54:20	61	61.127	https://travis-ci.org/MCUdude/MegaCore/jobs/370300129	push	false	false	master	019e20e0741f3cb4c319e8e212dc5cdd0946f49c	743f88be77c4...019e20e0741f	Fix incorrect schematic	/home/travis/Arduino/hardware/MegaCore/avr/libraries/EEPROM/examples/eeprom_iteration/eeprom_iteration.ino	MegaCore:avr:64:BOD=2v7,LTO=Os,clock=1MHz_internal	1.6.9	678	9	5	false	0	0		0	
2018-04-24 07:54:23	61	61.127	https://travis-ci.org/MCUdude/MegaCore/jobs/370300129	push	false	false	master	019e20e0741f3cb4c319e8e212dc5cdd0946f49c	743f88be77c4...019e20e0741f	Fix incorrect schematic	/home/travis/Arduino/hardware/MegaCore/avr/libraries/EEPROM/examples/eeprom_put/eeprom_put.ino	MegaCore:avr:64:BOD=2v7,LTO=Os,clock=1MHz_internal	1.6.9	2160	340	2	false	0	0		0	
2018-04-24 07:54:27	61	61.127	https://travis-ci.org/MCUdude/MegaCore/jobs/370300129	push	false	false	master	019e20e0741f3cb4c319e8e212dc5cdd0946f49c	743f88be77c4...019e20e0741f	Fix incorrect schematic	/home/travis/Arduino/hardware/MegaCore/avr/libraries/EEPROM/examples/eeprom_clear/eeprom_clear.ino	MegaCore:avr:64:BOD=2v7,LTO=Os,clock=1MHz_internal	1.6.9	912	9	3	false	0	0		0	
2018-04-24 07:54:30	61	61.127	https://travis-ci.org/MCUdude/MegaCore/jobs/370300129	push	false	false	master	019e20e0741f3cb4c319e8e212dc5cdd0946f49c	743f88be77c4...019e20e0741f	Fix incorrect schematic	/home/travis/Arduino/hardware/MegaCore/avr/libraries/EEPROM/examples/eeprom_read/eeprom_read.ino	MegaCore:avr:64:BOD=2v7,LTO=Os,clock=1MHz_internal	1.6.9	2380	203	3	false	0	0		0	
2018-04-24 07:54:34	61	61.127	https://travis-ci.org/MCUdude/MegaCore/jobs/370300129	push	false	false	master	019e20e0741f3cb4c319e8e212dc5cdd0946f49c	743f88be77c4...019e20e0741f	Fix incorrect schematic	/home/travis/Arduino/hardware/MegaCore/avr/libraries/EEPROM/examples/eeprom_get/eeprom_get.ino	MegaCore:avr:64:BOD=2v7,LTO=Os,clock=1MHz_internal	1.6.9	3916	256	2	false	0	0		0	
2018-04-24 07:54:37	61	61.127	https://travis-ci.org/MCUdude/MegaCore/jobs/370300129	push	false	false	master	019e20e0741f3cb4c319e8e212dc5cdd0946f49c	743f88be77c4...019e20e0741f	Fix incorrect schematic	/home/travis/Arduino/hardware/MegaCore/avr/libraries/EEPROM/examples/eeprom_write/eeprom_write.ino	MegaCore:avr:64:BOD=2v7,LTO=Os,clock=1MHz_internal	1.6.9	832	13	3	false	0	0		0	
2018-04-24 07:54:40	61	61.127	https://travis-ci.org/MCUdude/MegaCore/jobs/370300129	push	false	false	master	019e20e0741f3cb4c319e8e212dc5cdd0946f49c	743f88be77c4...019e20e0741f	Fix incorrect schematic	/home/travis/Arduino/hardware/MegaCore/avr/libraries/EEPROM/examples/eeprom_update/eeprom_update.ino	MegaCore:avr:64:BOD=2v7,LTO=Os,clock=1MHz_internal	1.6.10	882	13	3	false	0	0		0	
2018-04-24 07:54:44	61	61.127	https://travis-ci.org/MCUdude/MegaCore/jobs/370300129	push	false	false	master	019e20e0741f3cb4c319e8e212dc5cdd0946f49c	743f88be77c4...019e20e0741f	Fix incorrect schematic	/home/travis/Arduino/hardware/MegaCore/avr/libraries/EEPROM/examples/eeprom_crc/eeprom_crc.ino	MegaCore:avr:64:BOD=2v7,LTO=Os,clock=1MHz_internal	1.6.10	2438	310	3	false	0	0		0	
2018-04-24 07:54:47	61	61.127	https://travis-ci.org/MCUdude/MegaCore/jobs/370300129	push	false	false	master	019e20e0741f3cb4c319e8e212dc5cdd0946f49c	743f88be77c4...019e20e0741f	Fix incorrect schematic	/home/travis/Arduino/hardware/MegaCore/avr/libraries/EEPROM/examples/eeprom_iteration/eeprom_iteration.ino	MegaCore:avr:64:BOD=2v7,LTO=Os,clock=1MHz_internal	1.6.10	678	9	5	false	0	0		0	
2018-04-24 07:54:51	61	61.127	https://travis-ci.org/MCUdude/MegaCore/jobs/370300129	push	false	false	master	019e20e0741f3cb4c319e8e212dc5cdd0946f49c	743f88be77c4...019e20e0741f	Fix incorrect schematic	/home/travis/Arduino/hardware/MegaCore/avr/libraries/EEPROM/examples/eeprom_put/eeprom_put.ino	MegaCore:avr:64:BOD=2v7,LTO=Os,clock=1MHz_internal	1.6.10	2160	340	2	false	0	0		0	
2018-04-24 07:54:54	61	61.127	https://travis-ci.org/MCUdude/MegaCore/jobs/370300129	push	false	false	master	019e20e0741f3cb4c319e8e212dc5cdd0946f49c	743f88be77c4...019e20e0741f	Fix incorrect schematic	/home/travis/Arduino/hardware/MegaCore/avr/libraries/EEPROM/examples/eeprom_clear/eeprom_clear.ino	MegaCore:avr:64:BOD=2v7,LTO=Os,clock=1MHz_internal	1.6.10	912	9	3	false	0	0		0	
2018-04-24 07:54:58	61	61.127	https://travis-ci.org/MCUdude/MegaCore/jobs/370300129	push	false	false	master	019e20e0741f3cb4c319e8e212dc5cdd0946f49c	743f88be77c4...019e20e0741f	Fix incorrect schematic	/home/travis/Arduino/hardware/MegaCore/avr/libraries/EEPROM/examples/eeprom_read/eeprom_read.ino	MegaCore:avr:64:BOD=2v7,LTO=Os,clock=1MHz_internal	1.6.10	2380	203	3	false	0	0		0	
2018-04-24 07:55:01	61	61.127	https://travis-ci.org/MCUdude/MegaCore/jobs/370300129	push	false	false	master	019e20e0741f3cb4c319e8e212dc5cdd0946f49c	743f88be77c4...019e20e0741f	Fix incorrect schematic	/home/travis/Arduino/hardware/MegaCore/avr/libraries/EEPROM/examples/eeprom_get/eeprom_get.ino	MegaCore:avr:64:BOD=2v7,LTO=Os,clock=1MHz_internal	1.6.10	3916	256	2	false	0	0		0	
2018-04-24 07:55:05	61	61.127	https://travis-ci.org/MCUdude/MegaCore/jobs/370300129	push	false	false	master	019e20e0741f3cb4c319e8e212dc5cdd0946f49c	743f88be77c4...019e20e0741f	Fix incorrect schematic	/home/travis/Arduino/hardware/MegaCore/avr/libraries/EEPROM/examples/eeprom_write/eeprom_write.ino	MegaCore:avr:64:BOD=2v7,LTO=Os,clock=1MHz_internal	1.6.10	832	13	3	false	0	0		0	
2018-04-24 07:55:08	61	61.127	https://travis-ci.org/MCUdude/MegaCore/jobs/370300129	push	false	false	master	019e20e0741f3cb4c319e8e212dc5cdd0946f49c	743f88be77c4...019e20e0741f	Fix incorrect schematic	/home/travis/Arduino/hardware/MegaCore/avr/libraries/EEPROM/examples/eeprom_update/eeprom_update.ino	MegaCore:avr:64:BOD=2v7,LTO=Os,clock=1MHz_internal	1.6.11	882	13	3	false	0	0		0	
2018-04-24 07:55:12	61	61.127	https://travis-ci.org/MCUdude/MegaCore/jobs/370300129	push	false	false	master	019e20e0741f3cb4c319e8e212dc5cdd0946f49c	743f88be77c4...019e20e0741f	Fix incorrect schematic	/home/travis/Arduino/hardware/MegaCore/avr/libraries/EEPROM/examples/eeprom_crc/eeprom_crc.ino	MegaCore:avr:64:BOD=2v7,LTO=Os,clock=1MHz_internal	1.6.11	2438	310	3	false	0	0		0	
2018-04-24 07:55:15	61	61.127	https://travis-ci.org/MCUdude/MegaCore/jobs/370300129	push	false	false	master	019e20e0741f3cb4c319e8e212dc5cdd0946f49c	743f88be77c4...019e20e0741f	Fix incorrect schematic	/home/travis/Arduino/hardware/MegaCore/avr/libraries/EEPROM/examples/eeprom_iteration/eeprom_iteration.ino	MegaCore:avr:64:BOD=2v7,LTO=Os,clock=1MHz_internal	1.6.11	678	9	5	false	0	0		0	
2018-04-24 07:55:19	61	61.127	https://travis-ci.org/MCUdude/MegaCore/jobs/370300129	push	false	false	master	019e20e0741f3cb4c319e8e212dc5cdd0946f49c	743f88be77c4...019e20e0741f	Fix incorrect schematic	/home/travis/Arduino/hardware/MegaCore/avr/libraries/EEPROM/examples/eeprom_put/eeprom_put.ino	MegaCore:avr:64:BOD=2v7,LTO=Os,clock=1MHz_internal	1.6.11	2160	340	2	false	0	0		0	
2018-04-24 07:55:22	61	61.127	https://travis-ci.org/MCUdude/MegaCore/jobs/370300129	push	false	false	master	019e20e0741f3cb4c319e8e212dc5cdd0946f49c	743f88be77c4...019e20e0741f	Fix incorrect schematic	/home/travis/Arduino/hardware/MegaCore/avr/libraries/EEPROM/examples/eeprom_clear/eeprom_clear.ino	MegaCore:avr:64:BOD=2v7,LTO=Os,clock=1MHz_internal	1.6.11	912	9	3	false	0	0		0	
2018-04-24 07:55:26	61	61.127	https://travis-ci.org/MCUdude/MegaCore/jobs/370300129	push	false	false	master	019e20e0741f3cb4c319e8e212dc5cdd0946f49c	743f88be77c4...019e20e0741f	Fix incorrect schematic	/home/travis/Arduino/hardware/MegaCore/avr/libraries/EEPROM/examples/eeprom_read/eeprom_read.ino	MegaCore:avr:64:BOD=2v7,LTO=Os,clock=1MHz_internal	1.6.11	2380	203	3	false	0	0		0	
2018-04-24 07:55:29	61	61.127	https://travis-ci.org/MCUdude/MegaCore/jobs/370300129	push	false	false	master	019e20e0741f3cb4c319e8e212dc5cdd0946f49c	743f88be77c4...019e20e0741f	Fix incorrect schematic	/home/travis/Arduino/hardware/MegaCore/avr/libraries/EEPROM/examples/eeprom_get/eeprom_get.ino	MegaCore:avr:64:BOD=2v7,LTO=Os,clock=1MHz_internal	1.6.11	3916	256	2	false	0	0		0	
2018-04-24 07:55:32	61	61.127	https://travis-ci.org/MCUdude/MegaCore/jobs/370300129	push	false	false	master	019e20e0741f3cb4c319e8e212dc5cdd0946f49c	743f88be77c4...019e20e0741f	Fix incorrect schematic	/home/travis/Arduino/hardware/MegaCore/avr/libraries/EEPROM/examples/eeprom_write/eeprom_write.ino	MegaCore:avr:64:BOD=2v7,LTO=Os,clock=1MHz_internal	1.6.11	832	13	3	false	0	0		0	
2018-04-24 07:55:36	61	61.127	https://travis-ci.org/MCUdude/MegaCore/jobs/370300129	push	false	false	master	019e20e0741f3cb4c319e8e212dc5cdd0946f49c	743f88be77c4...019e20e0741f	Fix incorrect schematic	/home/travis/Arduino/hardware/MegaCore/avr/libraries/EEPROM/examples/eeprom_update/eeprom_update.ino	MegaCore:avr:64:BOD=2v7,LTO=Os,clock=1MHz_internal	1.6.12	882	13	3	false	0	0		0	
2018-04-24 07:55:39	61	61.127	https://travis-ci.org/MCUdude/MegaCore/jobs/370300129	push	false	false	master	019e20e0741f3cb4c319e8e212dc5cdd0946f49c	743f88be77c4...019e20e0741f	Fix incorrect schematic	/home/travis/Arduino/hardware/MegaCore/avr/libraries/EEPROM/examples/eeprom_crc/eeprom_crc.ino	MegaCore:avr:64:BOD=2v7,LTO=Os,clock=1MHz_internal	1.6.12	2438	310	3	false	0	0		0	
2018-04-24 07:55:43	61	61.127	https://travis-ci.org/MCUdude/MegaCore/jobs/370300129	push	false	false	master	019e20e0741f3cb4c319e8e212dc5cdd0946f49c	743f88be77c4...019e20e0741f	Fix incorrect schematic	/home/travis/Arduino/hardware/MegaCore/avr/libraries/EEPROM/examples/eeprom_iteration/eeprom_iteration.ino	MegaCore:avr:64:BOD=2v7,LTO=Os,clock=1MHz_internal	1.6.12	678	9	5	false	0	0		0	
2018-04-24 07:55:46	61	61.127	https://travis-ci.org/MCUdude/MegaCore/jobs/370300129	push	false	false	master	019e20e0741f3cb4c319e8e212dc5cdd0946f49c	743f88be77c4...019e20e0741f	Fix incorrect schematic	/home/travis/Arduino/hardware/MegaCore/avr/libraries/EEPROM/examples/eeprom_put/eeprom_put.ino	MegaCore:avr:64:BOD=2v7,LTO=Os,clock=1MHz_internal	1.6.12	2160	340	2	false	0	0		0	
2018-04-24 07:55:50	61	61.127	https://travis-ci.org/MCUdude/MegaCore/jobs/370300129	push	false	false	master	019e20e0741f3cb4c319e8e212dc5cdd0946f49c	743f88be77c4...019e20e0741f	Fix incorrect schematic	/home/travis/Arduino/hardware/MegaCore/avr/libraries/EEPROM/examples/eeprom_clear/eeprom_clear.ino	MegaCore:avr:64:BOD=2v7,LTO=Os,clock=1MHz_internal	1.6.12	912	9	3	false	0	0		0	
2018-04-24 07:55:53	61	61.127	https://travis-ci.org/MCUdude/MegaCore/jobs/370300129	push	false	false	master	019e20e0741f3cb4c319e8e212dc5cdd0946f49c	743f88be77c4...019e20e0741f	Fix incorrect schematic	/home/travis/Arduino/hardware/MegaCore/avr/libraries/EEPROM/examples/eeprom_read/eeprom_read.ino	MegaCore:avr:64:BOD=2v7,LTO=Os,clock=1MHz_internal	1.6.12	2380	203	3	false	0	0		0	
2018-04-24 07:55:57	61	61.127	https://travis-ci.org/MCUdude/MegaCore/jobs/370300129	push	false	false	master	019e20e0741f3cb4c319e8e212dc5cdd0946f49c	743f88be77c4...019e20e0741f	Fix incorrect schematic	/home/travis/Arduino/hardware/MegaCore/avr/libraries/EEPROM/examples/eeprom_get/eeprom_get.ino	MegaCore:avr:64:BOD=2v7,LTO=Os,clock=1MHz_internal	1.6.12	3916	256	2	false	0	0		0	
2018-04-24 07:56:00	61	61.127	https://travis-ci.org/MCUdude/MegaCore/jobs/370300129	push	false	false	master	019e20e0741f3cb4c319e8e212dc5cdd0946f49c	743f88be77c4...019e20e0741f	Fix incorrect schematic	/home/travis/Arduino/hardware/MegaCore/avr/libraries/EEPROM/examples/eeprom_write/eeprom_write.ino	MegaCore:avr:64:BOD=2v7,LTO=Os,clock=1MHz_internal	1.6.12	832	13	3	false	0	0		0	
2018-04-24 07:56:04	61	61.127	https://travis-ci.org/MCUdude/MegaCore/jobs/370300129	push	false	false	master	019e20e0741f3cb4c319e8e212dc5cdd0946f49c	743f88be77c4...019e20e0741f	Fix incorrect schematic	/home/travis/Arduino/hardware/MegaCore/avr/libraries/EEPROM/examples/eeprom_update/eeprom_update.ino	MegaCore:avr:64:BOD=2v7,LTO=Os,clock=1MHz_internal	1.6.13	882	13	3	false	0	0		0	
2018-04-24 07:56:08	61	61.127	https://travis-ci.org/MCUdude/MegaCore/jobs/370300129	push	false	false	master	019e20e0741f3cb4c319e8e212dc5cdd0946f49c	743f88be77c4...019e20e0741f	Fix incorrect schematic	/home/travis/Arduino/hardware/MegaCore/avr/libraries/EEPROM/examples/eeprom_crc/eeprom_crc.ino	MegaCore:avr:64:BOD=2v7,LTO=Os,clock=1MHz_internal	1.6.13	2438	310	3	false	0	0		0	
2018-04-24 07:56:11	61	61.127	https://travis-ci.org/MCUdude/MegaCore/jobs/370300129	push	false	false	master	019e20e0741f3cb4c319e8e212dc5cdd0946f49c	743f88be77c4...019e20e0741f	Fix incorrect schematic	/home/travis/Arduino/hardware/MegaCore/avr/libraries/EEPROM/examples/eeprom_iteration/eeprom_iteration.ino	MegaCore:avr:64:BOD=2v7,LTO=Os,clock=1MHz_internal	1.6.13	678	9	5	false	0	0		0	
2018-04-24 07:56:15	61	61.127	https://travis-ci.org/MCUdude/MegaCore/jobs/370300129	push	false	false	master	019e20e0741f3cb4c319e8e212dc5cdd0946f49c	743f88be77c4...019e20e0741f	Fix incorrect schematic	/home/travis/Arduino/hardware/MegaCore/avr/libraries/EEPROM/examples/eeprom_put/eeprom_put.ino	MegaCore:avr:64:BOD=2v7,LTO=Os,clock=1MHz_internal	1.6.13	2160	340	2	false	0	0		0	
2018-04-24 07:56:18	61	61.127	https://travis-ci.org/MCUdude/MegaCore/jobs/370300129	push	false	false	master	019e20e0741f3cb4c319e8e212dc5cdd0946f49c	743f88be77c4...019e20e0741f	Fix incorrect schematic	/home/travis/Arduino/hardware/MegaCore/avr/libraries/EEPROM/examples/eeprom_clear/eeprom_clear.ino	MegaCore:avr:64:BOD=2v7,LTO=Os,clock=1MHz_internal	1.6.13	912	9	3	false	0	0		0	
2018-04-24 07:56:22	61	61.127	https://travis-ci.org/MCUdude/MegaCore/jobs/370300129	push	false	false	master	019e20e0741f3cb4c319e8e212dc5cdd0946f49c	743f88be77c4...019e20e0741f	Fix incorrect schematic	/home/travis/Arduino/hardware/MegaCore/avr/libraries/EEPROM/examples/eeprom_read/eeprom_read.ino	MegaCore:avr:64:BOD=2v7,LTO=Os,clock=1MHz_internal	1.6.13	2380	203	3	false	0	0		0	
2018-04-24 07:56:25	61	61.127	https://travis-ci.org/MCUdude/MegaCore/jobs/370300129	push	false	false	master	019e20e0741f3cb4c319e8e212dc5cdd0946f49c	743f88be77c4...019e20e0741f	Fix incorrect schematic	/home/travis/Arduino/hardware/MegaCore/avr/libraries/EEPROM/examples/eeprom_get/eeprom_get.ino	MegaCore:avr:64:BOD=2v7,LTO=Os,clock=1MHz_internal	1.6.13	3916	256	2	false	0	0		0	
2018-04-24 07:56:28	61	61.127	https://travis-ci.org/MCUdude/MegaCore/jobs/370300129	push	false	false	master	019e20e0741f3cb4c319e8e212dc5cdd0946f49c	743f88be77c4...019e20e0741f	Fix incorrect schematic	/home/travis/Arduino/hardware/MegaCore/avr/libraries/EEPROM/examples/eeprom_write/eeprom_write.ino	MegaCore:avr:64:BOD=2v7,LTO=Os,clock=1MHz_internal	1.6.13	832	13	3	false	0	0		0	
2018-04-24 07:56:34	61	61.127	https://travis-ci.org/MCUdude/MegaCore/jobs/370300129	push	false	false	master	019e20e0741f3cb4c319e8e212dc5cdd0946f49c	743f88be77c4...019e20e0741f	Fix incorrect schematic	/home/travis/Arduino/hardware/MegaCore/avr/libraries/EEPROM/examples/eeprom_update/eeprom_update.ino	MegaCore:avr:64:BOD=2v7,LTO=Os,clock=1MHz_internal	1.8.0	882	13	3	false	0	0		0	
2018-04-24 07:56:38	61	61.127	https://travis-ci.org/MCUdude/MegaCore/jobs/370300129	push	false	false	master	019e20e0741f3cb4c319e8e212dc5cdd0946f49c	743f88be77c4...019e20e0741f	Fix incorrect schematic	/home/travis/Arduino/hardware/MegaCore/avr/libraries/EEPROM/examples/eeprom_crc/eeprom_crc.ino	MegaCore:avr:64:BOD=2v7,LTO=Os,clock=1MHz_internal	1.8.0	2438	310	3	false	0	0		0	
2018-04-24 07:56:41	61	61.127	https://travis-ci.org/MCUdude/MegaCore/jobs/370300129	push	false	false	master	019e20e0741f3cb4c319e8e212dc5cdd0946f49c	743f88be77c4...019e20e0741f	Fix incorrect schematic	/home/travis/Arduino/hardware/MegaCore/avr/libraries/EEPROM/examples/eeprom_iteration/eeprom_iteration.ino	MegaCore:avr:64:BOD=2v7,LTO=Os,clock=1MHz_internal	1.8.0	678	9	5	false	0	0		0	
2018-04-24 07:56:44	61	61.127	https://travis-ci.org/MCUdude/MegaCore/jobs/370300129	push	false	false	master	019e20e0741f3cb4c319e8e212dc5cdd0946f49c	743f88be77c4...019e20e0741f	Fix incorrect schematic	/home/travis/Arduino/hardware/MegaCore/avr/libraries/EEPROM/examples/eeprom_put/eeprom_put.ino	MegaCore:avr:64:BOD=2v7,LTO=Os,clock=1MHz_internal	1.8.0	2160	340	2	false	0	0		0	
2018-04-24 07:56:48	61	61.127	https://travis-ci.org/MCUdude/MegaCore/jobs/370300129	push	false	false	master	019e20e0741f3cb4c319e8e212dc5cdd0946f49c	743f88be77c4...019e20e0741f	Fix incorrect schematic	/home/travis/Arduino/hardware/MegaCore/avr/libraries/EEPROM/examples/eeprom_clear/eeprom_clear.ino	MegaCore:avr:64:BOD=2v7,LTO=Os,clock=1MHz_internal	1.8.0	912	9	3	false	0	0		0	
2018-04-24 07:56:51	61	61.127	https://travis-ci.org/MCUdude/MegaCore/jobs/370300129	push	false	false	master	019e20e0741f3cb4c319e8e212dc5cdd0946f49c	743f88be77c4...019e20e0741f	Fix incorrect schematic	/home/travis/Arduino/hardware/MegaCore/avr/libraries/EEPROM/examples/eeprom_read/eeprom_read.ino	MegaCore:avr:64:BOD=2v7,LTO=Os,clock=1MHz_internal	1.8.0	2380	203	3	false	0	0		0	
2018-04-24 07:56:55	61	61.127	https://travis-ci.org/MCUdude/MegaCore/jobs/370300129	push	false	false	master	019e20e0741f3cb4c319e8e212dc5cdd0946f49c	743f88be77c4...019e20e0741f	Fix incorrect schematic	/home/travis/Arduino/hardware/MegaCore/avr/libraries/EEPROM/examples/eeprom_get/eeprom_get.ino	MegaCore:avr:64:BOD=2v7,LTO=Os,clock=1MHz_internal	1.8.0	3916	256	2	false	0	0		0	
2018-04-24 07:56:58	61	61.127	https://travis-ci.org/MCUdude/MegaCore/jobs/370300129	push	false	false	master	019e20e0741f3cb4c319e8e212dc5cdd0946f49c	743f88be77c4...019e20e0741f	Fix incorrect schematic	/home/travis/Arduino/hardware/MegaCore/avr/libraries/EEPROM/examples/eeprom_write/eeprom_write.ino	MegaCore:avr:64:BOD=2v7,LTO=Os,clock=1MHz_internal	1.8.0	832	13	3	false	0	0		0	
2018-04-24 07:57:04	61	61.127	https://travis-ci.org/MCUdude/MegaCore/jobs/370300129	push	false	false	master	019e20e0741f3cb4c319e8e212dc5cdd0946f49c	743f88be77c4...019e20e0741f	Fix incorrect schematic	/home/travis/Arduino/hardware/MegaCore/avr/libraries/EEPROM/examples/eeprom_update/eeprom_update.ino	MegaCore:avr:64:BOD=2v7,LTO=Os,clock=1MHz_internal	1.8.1	882	13	3	false	0	0		0	
2018-04-24 07:57:07	61	61.127	https://travis-ci.org/MCUdude/MegaCore/jobs/370300129	push	false	false	master	019e20e0741f3cb4c319e8e212dc5cdd0946f49c	743f88be77c4...019e20e0741f	Fix incorrect schematic	/home/travis/Arduino/hardware/MegaCore/avr/libraries/EEPROM/examples/eeprom_crc/eeprom_crc.ino	MegaCore:avr:64:BOD=2v7,LTO=Os,clock=1MHz_internal	1.8.1	2438	310	3	false	0	0		0	
2018-04-24 07:57:11	61	61.127	https://travis-ci.org/MCUdude/MegaCore/jobs/370300129	push	false	false	master	019e20e0741f3cb4c319e8e212dc5cdd0946f49c	743f88be77c4...019e20e0741f	Fix incorrect schematic	/home/travis/Arduino/hardware/MegaCore/avr/libraries/EEPROM/examples/eeprom_iteration/eeprom_iteration.ino	MegaCore:avr:64:BOD=2v7,LTO=Os,clock=1MHz_internal	1.8.1	678	9	5	false	0	0		0	
2018-04-24 07:57:14	61	61.127	https://travis-ci.org/MCUdude/MegaCore/jobs/370300129	push	false	false	master	019e20e0741f3cb4c319e8e212dc5cdd0946f49c	743f88be77c4...019e20e0741f	Fix incorrect schematic	/home/travis/Arduino/hardware/MegaCore/avr/libraries/EEPROM/examples/eeprom_put/eeprom_put.ino	MegaCore:avr:64:BOD=2v7,LTO=Os,clock=1MHz_internal	1.8.1	2160	340	2	false	0	0		0	
2018-04-24 07:57:17	61	61.127	https://travis-ci.org/MCUdude/MegaCore/jobs/370300129	push	false	false	master	019e20e0741f3cb4c319e8e212dc5cdd0946f49c	743f88be77c4...019e20e0741f	Fix incorrect schematic	/home/travis/Arduino/hardware/MegaCore/avr/libraries/EEPROM/examples/eeprom_clear/eeprom_clear.ino	MegaCore:avr:64:BOD=2v7,LTO=Os,clock=1MHz_internal	1.8.1	912	9	3	false	0	0		0	
2018-04-24 07:57:21	61	61.127	https://travis-ci.org/MCUdude/MegaCore/jobs/370300129	push	false	false	master	019e20e0741f3cb4c319e8e212dc5cdd0946f49c	743f88be77c4...019e20e0741f	Fix incorrect schematic	/home/travis/Arduino/hardware/MegaCore/avr/libraries/EEPROM/examples/eeprom_read/eeprom_read.ino	MegaCore:avr:64:BOD=2v7,LTO=Os,clock=1MHz_internal	1.8.1	2380	203	3	false	0	0		0	
2018-04-24 07:57:24	61	61.127	https://travis-ci.org/MCUdude/MegaCore/jobs/370300129	push	false	false	master	019e20e0741f3cb4c319e8e212dc5cdd0946f49c	743f88be77c4...019e20e0741f	Fix incorrect schematic	/home/travis/Arduino/hardware/MegaCore/avr/libraries/EEPROM/examples/eeprom_get/eeprom_get.ino	MegaCore:avr:64:BOD=2v7,LTO=Os,clock=1MHz_internal	1.8.1	3916	256	2	false	0	0		0	
2018-04-24 07:57:28	61	61.127	https://travis-ci.org/MCUdude/MegaCore/jobs/370300129	push	false	false	master	019e20e0741f3cb4c319e8e212dc5cdd0946f49c	743f88be77c4...019e20e0741f	Fix incorrect schematic	/home/travis/Arduino/hardware/MegaCore/avr/libraries/EEPROM/examples/eeprom_write/eeprom_write.ino	MegaCore:avr:64:BOD=2v7,LTO=Os,clock=1MHz_internal	1.8.1	832	13	3	false	0	0		0	
2018-04-24 07:57:33	61	61.127	https://travis-ci.org/MCUdude/MegaCore/jobs/370300129	push	false	false	master	019e20e0741f3cb4c319e8e212dc5cdd0946f49c	743f88be77c4...019e20e0741f	Fix incorrect schematic	/home/travis/Arduino/hardware/MegaCore/avr/libraries/EEPROM/examples/eeprom_update/eeprom_update.ino	MegaCore:avr:64:BOD=2v7,LTO=Os,clock=1MHz_internal	1.8.2	882	13	3	false	0	0		0	
2018-04-24 07:57:37	61	61.127	https://travis-ci.org/MCUdude/MegaCore/jobs/370300129	push	false	false	master	019e20e0741f3cb4c319e8e212dc5cdd0946f49c	743f88be77c4...019e20e0741f	Fix incorrect schematic	/home/travis/Arduino/hardware/MegaCore/avr/libraries/EEPROM/examples/eeprom_crc/eeprom_crc.ino	MegaCore:avr:64:BOD=2v7,LTO=Os,clock=1MHz_internal	1.8.2	2438	310	3	false	0	0		0	
2018-04-24 07:57:40	61	61.127	https://travis-ci.org/MCUdude/MegaCore/jobs/370300129	push	false	false	master	019e20e0741f3cb4c319e8e212dc5cdd0946f49c	743f88be77c4...019e20e0741f	Fix incorrect schematic	/home/travis/Arduino/hardware/MegaCore/avr/libraries/EEPROM/examples/eeprom_iteration/eeprom_iteration.ino	MegaCore:avr:64:BOD=2v7,LTO=Os,clock=1MHz_internal	1.8.2	678	9	5	false	0	0		0	
2018-04-24 07:57:44	61	61.127	https://travis-ci.org/MCUdude/MegaCore/jobs/370300129	push	false	false	master	019e20e0741f3cb4c319e8e212dc5cdd0946f49c	743f88be77c4...019e20e0741f	Fix incorrect schematic	/home/travis/Arduino/hardware/MegaCore/avr/libraries/EEPROM/examples/eeprom_put/eeprom_put.ino	MegaCore:avr:64:BOD=2v7,LTO=Os,clock=1MHz_internal	1.8.2	2160	340	2	false	0	0		0	
2018-04-24 07:57:47	61	61.127	https://travis-ci.org/MCUdude/MegaCore/jobs/370300129	push	false	false	master	019e20e0741f3cb4c319e8e212dc5cdd0946f49c	743f88be77c4...019e20e0741f	Fix incorrect schematic	/home/travis/Arduino/hardware/MegaCore/avr/libraries/EEPROM/examples/eeprom_clear/eeprom_clear.ino	MegaCore:avr:64:BOD=2v7,LTO=Os,clock=1MHz_internal	1.8.2	912	9	3	false	0	0		0	
2018-04-24 07:57:51	61	61.127	https://travis-ci.org/MCUdude/MegaCore/jobs/370300129	push	false	false	master	019e20e0741f3cb4c319e8e212dc5cdd0946f49c	743f88be77c4...019e20e0741f	Fix incorrect schematic	/home/travis/Arduino/hardware/MegaCore/avr/libraries/EEPROM/examples/eeprom_read/eeprom_read.ino	MegaCore:avr:64:BOD=2v7,LTO=Os,clock=1MHz_internal	1.8.2	2380	203	3	false	0	0		0	
2018-04-24 07:57:54	61	61.127	https://travis-ci.org/MCUdude/MegaCore/jobs/370300129	push	false	false	master	019e20e0741f3cb4c319e8e212dc5cdd0946f49c	743f88be77c4...019e20e0741f	Fix incorrect schematic	/home/travis/Arduino/hardware/MegaCore/avr/libraries/EEPROM/examples/eeprom_get/eeprom_get.ino	MegaCore:avr:64:BOD=2v7,LTO=Os,clock=1MHz_internal	1.8.2	3916	256	2	false	0	0		0	
2018-04-24 07:57:58	61	61.127	https://travis-ci.org/MCUdude/MegaCore/jobs/370300129	push	false	false	master	019e20e0741f3cb4c319e8e212dc5cdd0946f49c	743f88be77c4...019e20e0741f	Fix incorrect schematic	/home/travis/Arduino/hardware/MegaCore/avr/libraries/EEPROM/examples/eeprom_write/eeprom_write.ino	MegaCore:avr:64:BOD=2v7,LTO=Os,clock=1MHz_internal	1.8.2	832	13	3	false	0	0		0	
2018-04-24 07:58:03	61	61.127	https://travis-ci.org/MCUdude/MegaCore/jobs/370300129	push	false	false	master	019e20e0741f3cb4c319e8e212dc5cdd0946f49c	743f88be77c4...019e20e0741f	Fix incorrect schematic	/home/travis/Arduino/hardware/MegaCore/avr/libraries/EEPROM/examples/eeprom_update/eeprom_update.ino	MegaCore:avr:64:BOD=2v7,LTO=Os,clock=1MHz_internal	1.8.3	882	13	3	false	0	0		0	
2018-04-24 07:58:07	61	61.127	https://travis-ci.org/MCUdude/MegaCore/jobs/370300129	push	false	false	master	019e20e0741f3cb4c319e8e212dc5cdd0946f49c	743f88be77c4...019e20e0741f	Fix incorrect schematic	/home/travis/Arduino/hardware/MegaCore/avr/libraries/EEPROM/examples/eeprom_crc/eeprom_crc.ino	MegaCore:avr:64:BOD=2v7,LTO=Os,clock=1MHz_internal	1.8.3	2438	310	3	false	0	0		0	
2018-04-24 07:58:10	61	61.127	https://travis-ci.org/MCUdude/MegaCore/jobs/370300129	push	false	false	master	019e20e0741f3cb4c319e8e212dc5cdd0946f49c	743f88be77c4...019e20e0741f	Fix incorrect schematic	/home/travis/Arduino/hardware/MegaCore/avr/libraries/EEPROM/examples/eeprom_iteration/eeprom_iteration.ino	MegaCore:avr:64:BOD=2v7,LTO=Os,clock=1MHz_internal	1.8.3	678	9	5	false	0	0		0	
2018-04-24 07:58:14	61	61.127	https://travis-ci.org/MCUdude/MegaCore/jobs/370300129	push	false	false	master	019e20e0741f3cb4c319e8e212dc5cdd0946f49c	743f88be77c4...019e20e0741f	Fix incorrect schematic	/home/travis/Arduino/hardware/MegaCore/avr/libraries/EEPROM/examples/eeprom_put/eeprom_put.ino	MegaCore:avr:64:BOD=2v7,LTO=Os,clock=1MHz_internal	1.8.3	2160	340	2	false	0	0		0	
2018-04-24 07:58:17	61	61.127	https://travis-ci.org/MCUdude/MegaCore/jobs/370300129	push	false	false	master	019e20e0741f3cb4c319e8e212dc5cdd0946f49c	743f88be77c4...019e20e0741f	Fix incorrect schematic	/home/travis/Arduino/hardware/MegaCore/avr/libraries/EEPROM/examples/eeprom_clear/eeprom_clear.ino	MegaCore:avr:64:BOD=2v7,LTO=Os,clock=1MHz_internal	1.8.3	912	9	3	false	0	0		0	
2018-04-24 07:58:21	61	61.127	https://travis-ci.org/MCUdude/MegaCore/jobs/370300129	push	false	false	master	019e20e0741f3cb4c319e8e212dc5cdd0946f49c	743f88be77c4...019e20e0741f	Fix incorrect schematic	/home/travis/Arduino/hardware/MegaCore/avr/libraries/EEPROM/examples/eeprom_read/eeprom_read.ino	MegaCore:avr:64:BOD=2v7,LTO=Os,clock=1MHz_internal	1.8.3	2380	203	3	false	0	0		0	
2018-04-24 07:58:24	61	61.127	https://travis-ci.org/MCUdude/MegaCore/jobs/370300129	push	false	false	master	019e20e0741f3cb4c319e8e212dc5cdd0946f49c	743f88be77c4...019e20e0741f	Fix incorrect schematic	/home/travis/Arduino/hardware/MegaCore/avr/libraries/EEPROM/examples/eeprom_get/eeprom_get.ino	MegaCore:avr:64:BOD=2v7,LTO=Os,clock=1MHz_internal	1.8.3	3916	256	2	false	0	0		0	
2018-04-24 07:58:28	61	61.127	https://travis-ci.org/MCUdude/MegaCore/jobs/370300129	push	false	false	master	019e20e0741f3cb4c319e8e212dc5cdd0946f49c	743f88be77c4...019e20e0741f	Fix incorrect schematic	/home/travis/Arduino/hardware/MegaCore/avr/libraries/EEPROM/examples/eeprom_write/eeprom_write.ino	MegaCore:avr:64:BOD=2v7,LTO=Os,clock=1MHz_internal	1.8.3	832	13	3	false	0	0		0	
