Build Timestamp (UTC)	Build	Job	Job URL	Build Trigger	Allow Job Failure	PR#	Branch	Commit	Commit Range	Commit Message	Sketch Filename	Board ID	IDE Version	Program Storage (bytes)	Dynamic Memory (bytes)	# Warnings	Allow Failure	Exit Status	# Board Issues	Board Issue	# Library Issues	Library Issue
2021-02-19 23:25:53	186	186.36	https://travis-ci.org/MCUdude/MightyCore/jobs/759683784	push		false	master	2e988f959a80ddcc65c0105e0e89bf353052916b	640d21af5c6e...2e988f959a80	Bump version	/home/travis/Arduino/hardware/MightyCore/avr/libraries/AVR_examples/examples/Blink_using_Timer0/Blink_using_Timer0.ino	MightyCore:avr:32:pinout=sanguino,BOD=disabled,LTO=Os,clock=12MHz_external	1.6.7			0	false	0	0		0	
2021-02-19 23:25:58	186	186.36	https://travis-ci.org/MCUdude/MightyCore/jobs/759683784	push		false	master	2e988f959a80ddcc65c0105e0e89bf353052916b	640d21af5c6e...2e988f959a80	Bump version	/home/travis/Arduino/hardware/MightyCore/avr/libraries/AVR_examples/examples/Read_port_write_port/Read_port_write_port.ino	MightyCore:avr:32:pinout=sanguino,BOD=disabled,LTO=Os,clock=12MHz_external	1.6.7			0	false	0	0		0	
2021-02-19 23:26:02	186	186.36	https://travis-ci.org/MCUdude/MightyCore/jobs/759683784	push		false	master	2e988f959a80ddcc65c0105e0e89bf353052916b	640d21af5c6e...2e988f959a80	Bump version	/home/travis/Arduino/hardware/MightyCore/avr/libraries/AVR_examples/examples/Measure_period_length/Measure_period_length.ino	MightyCore:avr:32:pinout=sanguino,BOD=disabled,LTO=Os,clock=12MHz_external	1.6.7			0	false	0	0		0	
2021-02-19 23:26:06	186	186.36	https://travis-ci.org/MCUdude/MightyCore/jobs/759683784	push		false	master	2e988f959a80ddcc65c0105e0e89bf353052916b	640d21af5c6e...2e988f959a80	Bump version	/home/travis/Arduino/hardware/MightyCore/avr/libraries/AVR_examples/examples/Watch_dog_timer/Watch_dog_timer.ino	MightyCore:avr:32:pinout=sanguino,BOD=disabled,LTO=Os,clock=12MHz_external	1.6.7			0	false	0	0		0	
2021-02-19 23:26:11	186	186.36	https://travis-ci.org/MCUdude/MightyCore/jobs/759683784	push		false	master	2e988f959a80ddcc65c0105e0e89bf353052916b	640d21af5c6e...2e988f959a80	Bump version	/home/travis/Arduino/hardware/MightyCore/avr/libraries/AVR_examples/examples/Blink/Blink.ino	MightyCore:avr:32:pinout=sanguino,BOD=disabled,LTO=Os,clock=12MHz_external	1.6.7			0	false	0	0		0	
2021-02-19 23:26:16	186	186.36	https://travis-ci.org/MCUdude/MightyCore/jobs/759683784	push		false	master	2e988f959a80ddcc65c0105e0e89bf353052916b	640d21af5c6e...2e988f959a80	Bump version	/home/travis/Arduino/hardware/MightyCore/avr/libraries/SD/examples/Datalogger/Datalogger.ino	MightyCore:avr:32:pinout=sanguino,BOD=disabled,LTO=Os,clock=12MHz_external	1.6.7			0	false	0	0		0	
2021-02-19 23:26:21	186	186.36	https://travis-ci.org/MCUdude/MightyCore/jobs/759683784	push		false	master	2e988f959a80ddcc65c0105e0e89bf353052916b	640d21af5c6e...2e988f959a80	Bump version	/home/travis/Arduino/hardware/MightyCore/avr/libraries/SD/examples/CardInfo/CardInfo.ino	MightyCore:avr:32:pinout=sanguino,BOD=disabled,LTO=Os,clock=12MHz_external	1.6.7			0	false	0	0		0	
2021-02-19 23:26:27	186	186.36	https://travis-ci.org/MCUdude/MightyCore/jobs/759683784	push		false	master	2e988f959a80ddcc65c0105e0e89bf353052916b	640d21af5c6e...2e988f959a80	Bump version	/home/travis/Arduino/hardware/MightyCore/avr/libraries/SD/examples/ReadWrite/ReadWrite.ino	MightyCore:avr:32:pinout=sanguino,BOD=disabled,LTO=Os,clock=12MHz_external	1.6.7			0	false	0	0		0	
2021-02-19 23:26:32	186	186.36	https://travis-ci.org/MCUdude/MightyCore/jobs/759683784	push		false	master	2e988f959a80ddcc65c0105e0e89bf353052916b	640d21af5c6e...2e988f959a80	Bump version	/home/travis/Arduino/hardware/MightyCore/avr/libraries/SD/examples/listfiles/listfiles.ino	MightyCore:avr:32:pinout=sanguino,BOD=disabled,LTO=Os,clock=12MHz_external	1.6.7			0	false	0	0		0	
2021-02-19 23:26:38	186	186.36	https://travis-ci.org/MCUdude/MightyCore/jobs/759683784	push		false	master	2e988f959a80ddcc65c0105e0e89bf353052916b	640d21af5c6e...2e988f959a80	Bump version	/home/travis/Arduino/hardware/MightyCore/avr/libraries/SD/examples/DumpFile/DumpFile.ino	MightyCore:avr:32:pinout=sanguino,BOD=disabled,LTO=Os,clock=12MHz_external	1.6.7			0	false	0	0		0	
2021-02-19 23:26:43	186	186.36	https://travis-ci.org/MCUdude/MightyCore/jobs/759683784	push		false	master	2e988f959a80ddcc65c0105e0e89bf353052916b	640d21af5c6e...2e988f959a80	Bump version	/home/travis/Arduino/hardware/MightyCore/avr/libraries/SD/examples/Files/Files.ino	MightyCore:avr:32:pinout=sanguino,BOD=disabled,LTO=Os,clock=12MHz_external	1.6.7			0	false	0	0		0	
2021-02-19 23:26:48	186	186.36	https://travis-ci.org/MCUdude/MightyCore/jobs/759683784	push		false	master	2e988f959a80ddcc65c0105e0e89bf353052916b	640d21af5c6e...2e988f959a80	Bump version	/home/travis/Arduino/hardware/MightyCore/avr/libraries/SoftwareSerial/examples/SoftwareSerialExample/SoftwareSerialExample.ino	MightyCore:avr:32:pinout=sanguino,BOD=disabled,LTO=Os,clock=12MHz_external	1.6.7			0	false	0	0		0	
2021-02-19 23:26:52	186	186.36	https://travis-ci.org/MCUdude/MightyCore/jobs/759683784	push		false	master	2e988f959a80ddcc65c0105e0e89bf353052916b	640d21af5c6e...2e988f959a80	Bump version	/home/travis/Arduino/hardware/MightyCore/avr/libraries/SoftwareSerial/examples/TwoPortReceive/TwoPortReceive.ino	MightyCore:avr:32:pinout=sanguino,BOD=disabled,LTO=Os,clock=12MHz_external	1.6.7			0	false	0	0		0	
2021-02-19 23:26:56	186	186.36	https://travis-ci.org/MCUdude/MightyCore/jobs/759683784	push		false	master	2e988f959a80ddcc65c0105e0e89bf353052916b	640d21af5c6e...2e988f959a80	Bump version	/home/travis/Arduino/hardware/MightyCore/avr/libraries/Servo/examples/Knob/Knob.ino	MightyCore:avr:32:pinout=sanguino,BOD=disabled,LTO=Os,clock=12MHz_external	1.6.7			0	false	0	0		0	
2021-02-19 23:27:01	186	186.36	https://travis-ci.org/MCUdude/MightyCore/jobs/759683784	push		false	master	2e988f959a80ddcc65c0105e0e89bf353052916b	640d21af5c6e...2e988f959a80	Bump version	/home/travis/Arduino/hardware/MightyCore/avr/libraries/Servo/examples/Sweep/Sweep.ino	MightyCore:avr:32:pinout=sanguino,BOD=disabled,LTO=Os,clock=12MHz_external	1.6.7			0	false	0	0		0	
2021-02-19 23:27:06	186	186.36	https://travis-ci.org/MCUdude/MightyCore/jobs/759683784	push		false	master	2e988f959a80ddcc65c0105e0e89bf353052916b	640d21af5c6e...2e988f959a80	Bump version	/home/travis/Arduino/hardware/MightyCore/avr/libraries/EEPROM/examples/eeprom_get/eeprom_get.ino	MightyCore:avr:32:pinout=sanguino,BOD=disabled,LTO=Os,clock=12MHz_external	1.6.7			0	false	0	0		0	
2021-02-19 23:27:10	186	186.36	https://travis-ci.org/MCUdude/MightyCore/jobs/759683784	push		false	master	2e988f959a80ddcc65c0105e0e89bf353052916b	640d21af5c6e...2e988f959a80	Bump version	/home/travis/Arduino/hardware/MightyCore/avr/libraries/EEPROM/examples/eeprom_crc/eeprom_crc.ino	MightyCore:avr:32:pinout=sanguino,BOD=disabled,LTO=Os,clock=12MHz_external	1.6.7			0	false	0	0		0	
2021-02-19 23:27:14	186	186.36	https://travis-ci.org/MCUdude/MightyCore/jobs/759683784	push		false	master	2e988f959a80ddcc65c0105e0e89bf353052916b	640d21af5c6e...2e988f959a80	Bump version	/home/travis/Arduino/hardware/MightyCore/avr/libraries/EEPROM/examples/eeprom_read/eeprom_read.ino	MightyCore:avr:32:pinout=sanguino,BOD=disabled,LTO=Os,clock=12MHz_external	1.6.7			0	false	0	0		0	
2021-02-19 23:27:19	186	186.36	https://travis-ci.org/MCUdude/MightyCore/jobs/759683784	push		false	master	2e988f959a80ddcc65c0105e0e89bf353052916b	640d21af5c6e...2e988f959a80	Bump version	/home/travis/Arduino/hardware/MightyCore/avr/libraries/EEPROM/examples/eeprom_clear/eeprom_clear.ino	MightyCore:avr:32:pinout=sanguino,BOD=disabled,LTO=Os,clock=12MHz_external	1.6.7			0	false	0	0		0	
2021-02-19 23:27:23	186	186.36	https://travis-ci.org/MCUdude/MightyCore/jobs/759683784	push		false	master	2e988f959a80ddcc65c0105e0e89bf353052916b	640d21af5c6e...2e988f959a80	Bump version	/home/travis/Arduino/hardware/MightyCore/avr/libraries/EEPROM/examples/eeprom_write/eeprom_write.ino	MightyCore:avr:32:pinout=sanguino,BOD=disabled,LTO=Os,clock=12MHz_external	1.6.7			0	false	0	0		0	
2021-02-19 23:27:28	186	186.36	https://travis-ci.org/MCUdude/MightyCore/jobs/759683784	push		false	master	2e988f959a80ddcc65c0105e0e89bf353052916b	640d21af5c6e...2e988f959a80	Bump version	/home/travis/Arduino/hardware/MightyCore/avr/libraries/EEPROM/examples/eeprom_iteration/eeprom_iteration.ino	MightyCore:avr:32:pinout=sanguino,BOD=disabled,LTO=Os,clock=12MHz_external	1.6.7			0	false	0	0		0	
2021-02-19 23:27:32	186	186.36	https://travis-ci.org/MCUdude/MightyCore/jobs/759683784	push		false	master	2e988f959a80ddcc65c0105e0e89bf353052916b	640d21af5c6e...2e988f959a80	Bump version	/home/travis/Arduino/hardware/MightyCore/avr/libraries/EEPROM/examples/eeprom_update/eeprom_update.ino	MightyCore:avr:32:pinout=sanguino,BOD=disabled,LTO=Os,clock=12MHz_external	1.6.7			0	false	0	0		0	
2021-02-19 23:27:37	186	186.36	https://travis-ci.org/MCUdude/MightyCore/jobs/759683784	push		false	master	2e988f959a80ddcc65c0105e0e89bf353052916b	640d21af5c6e...2e988f959a80	Bump version	/home/travis/Arduino/hardware/MightyCore/avr/libraries/EEPROM/examples/eeprom_put/eeprom_put.ino	MightyCore:avr:32:pinout=sanguino,BOD=disabled,LTO=Os,clock=12MHz_external	1.6.7			0	false	0	0		0	
2021-02-19 23:27:41	186	186.36	https://travis-ci.org/MCUdude/MightyCore/jobs/759683784	push		false	master	2e988f959a80ddcc65c0105e0e89bf353052916b	640d21af5c6e...2e988f959a80	Bump version	/home/travis/Arduino/hardware/MightyCore/avr/libraries/Optiboot_flasher/examples/SerialReadWrite/SerialReadWrite.ino	MightyCore:avr:32:pinout=sanguino,BOD=disabled,LTO=Os,clock=12MHz_external	1.6.7			0	false	0	0		0	
2021-02-19 23:27:46	186	186.36	https://travis-ci.org/MCUdude/MightyCore/jobs/759683784	push		false	master	2e988f959a80ddcc65c0105e0e89bf353052916b	640d21af5c6e...2e988f959a80	Bump version	/home/travis/Arduino/hardware/MightyCore/avr/libraries/Timer/examples/Events/Events.ino	MightyCore:avr:32:pinout=sanguino,BOD=disabled,LTO=Os,clock=12MHz_external	1.6.7			0	false	0	0		0	
2021-02-19 23:27:51	186	186.36	https://travis-ci.org/MCUdude/MightyCore/jobs/759683784	push		false	master	2e988f959a80ddcc65c0105e0e89bf353052916b	640d21af5c6e...2e988f959a80	Bump version	/home/travis/Arduino/hardware/MightyCore/avr/libraries/Timer/examples/Pin_high_10_minutes/Pin_high_10_minutes.ino	MightyCore:avr:32:pinout=sanguino,BOD=disabled,LTO=Os,clock=12MHz_external	1.6.7			0	false	0	0		0	
2021-02-19 23:27:55	186	186.36	https://travis-ci.org/MCUdude/MightyCore/jobs/759683784	push		false	master	2e988f959a80ddcc65c0105e0e89bf353052916b	640d21af5c6e...2e988f959a80	Bump version	/home/travis/Arduino/hardware/MightyCore/avr/libraries/Timer/examples/Multitasking/Multitasking.ino	MightyCore:avr:32:pinout=sanguino,BOD=disabled,LTO=Os,clock=12MHz_external	1.6.7			0	false	0	0		0	
2021-02-19 23:28:00	186	186.36	https://travis-ci.org/MCUdude/MightyCore/jobs/759683784	push		false	master	2e988f959a80ddcc65c0105e0e89bf353052916b	640d21af5c6e...2e988f959a80	Bump version	/home/travis/Arduino/hardware/MightyCore/avr/libraries/Timer/examples/TimerTest/TimerTest.ino	MightyCore:avr:32:pinout=sanguino,BOD=disabled,LTO=Os,clock=12MHz_external	1.6.7			0	false	0	0		0	
2021-02-19 23:28:04	186	186.36	https://travis-ci.org/MCUdude/MightyCore/jobs/759683784	push		false	master	2e988f959a80ddcc65c0105e0e89bf353052916b	640d21af5c6e...2e988f959a80	Bump version	/home/travis/Arduino/hardware/MightyCore/avr/libraries/SPI/examples/BarometricPressureSensor/BarometricPressureSensor.ino	MightyCore:avr:32:pinout=sanguino,BOD=disabled,LTO=Os,clock=12MHz_external	1.6.7			1	false	0	0		0	
2021-02-19 23:28:09	186	186.36	https://travis-ci.org/MCUdude/MightyCore/jobs/759683784	push		false	master	2e988f959a80ddcc65c0105e0e89bf353052916b	640d21af5c6e...2e988f959a80	Bump version	/home/travis/Arduino/hardware/MightyCore/avr/libraries/SPI/examples/DigitalPotControl/DigitalPotControl.ino	MightyCore:avr:32:pinout=sanguino,BOD=disabled,LTO=Os,clock=12MHz_external	1.6.7			0	false	0	0		0	
2021-02-19 23:28:13	186	186.36	https://travis-ci.org/MCUdude/MightyCore/jobs/759683784	push		false	master	2e988f959a80ddcc65c0105e0e89bf353052916b	640d21af5c6e...2e988f959a80	Bump version	/home/travis/Arduino/hardware/MightyCore/avr/libraries/Wire/examples/i2c_scanner/i2c_scanner.ino	MightyCore:avr:32:pinout=sanguino,BOD=disabled,LTO=Os,clock=12MHz_external	1.6.7			0	false	0	0		0	
2021-02-19 23:28:18	186	186.36	https://travis-ci.org/MCUdude/MightyCore/jobs/759683784	push		false	master	2e988f959a80ddcc65c0105e0e89bf353052916b	640d21af5c6e...2e988f959a80	Bump version	/home/travis/Arduino/hardware/MightyCore/avr/libraries/Wire/examples/SFRRanger_reader/SFRRanger_reader.ino	MightyCore:avr:32:pinout=sanguino,BOD=disabled,LTO=Os,clock=12MHz_external	1.6.7			0	false	0	0		0	
2021-02-19 23:28:22	186	186.36	https://travis-ci.org/MCUdude/MightyCore/jobs/759683784	push		false	master	2e988f959a80ddcc65c0105e0e89bf353052916b	640d21af5c6e...2e988f959a80	Bump version	/home/travis/Arduino/hardware/MightyCore/avr/libraries/Wire/examples/master_writer/master_writer.ino	MightyCore:avr:32:pinout=sanguino,BOD=disabled,LTO=Os,clock=12MHz_external	1.6.7			0	false	0	0		0	
2021-02-19 23:28:27	186	186.36	https://travis-ci.org/MCUdude/MightyCore/jobs/759683784	push		false	master	2e988f959a80ddcc65c0105e0e89bf353052916b	640d21af5c6e...2e988f959a80	Bump version	/home/travis/Arduino/hardware/MightyCore/avr/libraries/Wire/examples/digital_potentiometer/digital_potentiometer.ino	MightyCore:avr:32:pinout=sanguino,BOD=disabled,LTO=Os,clock=12MHz_external	1.6.7			0	false	0	0		0	
2021-02-19 23:28:31	186	186.36	https://travis-ci.org/MCUdude/MightyCore/jobs/759683784	push		false	master	2e988f959a80ddcc65c0105e0e89bf353052916b	640d21af5c6e...2e988f959a80	Bump version	/home/travis/Arduino/hardware/MightyCore/avr/libraries/Wire/examples/slave_receiver/slave_receiver.ino	MightyCore:avr:32:pinout=sanguino,BOD=disabled,LTO=Os,clock=12MHz_external	1.6.7			0	false	0	0		0	
2021-02-19 23:28:36	186	186.36	https://travis-ci.org/MCUdude/MightyCore/jobs/759683784	push		false	master	2e988f959a80ddcc65c0105e0e89bf353052916b	640d21af5c6e...2e988f959a80	Bump version	/home/travis/Arduino/hardware/MightyCore/avr/libraries/Wire/examples/master_reader/master_reader.ino	MightyCore:avr:32:pinout=sanguino,BOD=disabled,LTO=Os,clock=12MHz_external	1.6.7			0	false	0	0		0	
2021-02-19 23:28:40	186	186.36	https://travis-ci.org/MCUdude/MightyCore/jobs/759683784	push		false	master	2e988f959a80ddcc65c0105e0e89bf353052916b	640d21af5c6e...2e988f959a80	Bump version	/home/travis/Arduino/hardware/MightyCore/avr/libraries/Wire/examples/slave_sender/slave_sender.ino	MightyCore:avr:32:pinout=sanguino,BOD=disabled,LTO=Os,clock=12MHz_external	1.6.7			0	false	0	0		0	
2021-02-19 23:28:47	186	186.36	https://travis-ci.org/MCUdude/MightyCore/jobs/759683784	push		false	master	2e988f959a80ddcc65c0105e0e89bf353052916b	640d21af5c6e...2e988f959a80	Bump version	/home/travis/Arduino/hardware/MightyCore/avr/libraries/AVR_examples/examples/Blink_using_Timer0/Blink_using_Timer0.ino	MightyCore:avr:32:pinout=sanguino,BOD=disabled,LTO=Os,clock=12MHz_external	1.6.9			0	false	0	0		0	
2021-02-19 23:28:52	186	186.36	https://travis-ci.org/MCUdude/MightyCore/jobs/759683784	push		false	master	2e988f959a80ddcc65c0105e0e89bf353052916b	640d21af5c6e...2e988f959a80	Bump version	/home/travis/Arduino/hardware/MightyCore/avr/libraries/AVR_examples/examples/Read_port_write_port/Read_port_write_port.ino	MightyCore:avr:32:pinout=sanguino,BOD=disabled,LTO=Os,clock=12MHz_external	1.6.9			0	false	0	0		0	
2021-02-19 23:28:56	186	186.36	https://travis-ci.org/MCUdude/MightyCore/jobs/759683784	push		false	master	2e988f959a80ddcc65c0105e0e89bf353052916b	640d21af5c6e...2e988f959a80	Bump version	/home/travis/Arduino/hardware/MightyCore/avr/libraries/AVR_examples/examples/Measure_period_length/Measure_period_length.ino	MightyCore:avr:32:pinout=sanguino,BOD=disabled,LTO=Os,clock=12MHz_external	1.6.9			0	false	0	0		0	
2021-02-19 23:29:01	186	186.36	https://travis-ci.org/MCUdude/MightyCore/jobs/759683784	push		false	master	2e988f959a80ddcc65c0105e0e89bf353052916b	640d21af5c6e...2e988f959a80	Bump version	/home/travis/Arduino/hardware/MightyCore/avr/libraries/AVR_examples/examples/Watch_dog_timer/Watch_dog_timer.ino	MightyCore:avr:32:pinout=sanguino,BOD=disabled,LTO=Os,clock=12MHz_external	1.6.9			0	false	0	0		0	
2021-02-19 23:29:06	186	186.36	https://travis-ci.org/MCUdude/MightyCore/jobs/759683784	push		false	master	2e988f959a80ddcc65c0105e0e89bf353052916b	640d21af5c6e...2e988f959a80	Bump version	/home/travis/Arduino/hardware/MightyCore/avr/libraries/AVR_examples/examples/Blink/Blink.ino	MightyCore:avr:32:pinout=sanguino,BOD=disabled,LTO=Os,clock=12MHz_external	1.6.9			0	false	0	0		0	
2021-02-19 23:29:11	186	186.36	https://travis-ci.org/MCUdude/MightyCore/jobs/759683784	push		false	master	2e988f959a80ddcc65c0105e0e89bf353052916b	640d21af5c6e...2e988f959a80	Bump version	/home/travis/Arduino/hardware/MightyCore/avr/libraries/SD/examples/Datalogger/Datalogger.ino	MightyCore:avr:32:pinout=sanguino,BOD=disabled,LTO=Os,clock=12MHz_external	1.6.9			0	false	0	0		0	
2021-02-19 23:29:17	186	186.36	https://travis-ci.org/MCUdude/MightyCore/jobs/759683784	push		false	master	2e988f959a80ddcc65c0105e0e89bf353052916b	640d21af5c6e...2e988f959a80	Bump version	/home/travis/Arduino/hardware/MightyCore/avr/libraries/SD/examples/CardInfo/CardInfo.ino	MightyCore:avr:32:pinout=sanguino,BOD=disabled,LTO=Os,clock=12MHz_external	1.6.9			0	false	0	0		0	
2021-02-19 23:29:23	186	186.36	https://travis-ci.org/MCUdude/MightyCore/jobs/759683784	push		false	master	2e988f959a80ddcc65c0105e0e89bf353052916b	640d21af5c6e...2e988f959a80	Bump version	/home/travis/Arduino/hardware/MightyCore/avr/libraries/SD/examples/ReadWrite/ReadWrite.ino	MightyCore:avr:32:pinout=sanguino,BOD=disabled,LTO=Os,clock=12MHz_external	1.6.9			0	false	0	0		0	
2021-02-19 23:29:28	186	186.36	https://travis-ci.org/MCUdude/MightyCore/jobs/759683784	push		false	master	2e988f959a80ddcc65c0105e0e89bf353052916b	640d21af5c6e...2e988f959a80	Bump version	/home/travis/Arduino/hardware/MightyCore/avr/libraries/SD/examples/listfiles/listfiles.ino	MightyCore:avr:32:pinout=sanguino,BOD=disabled,LTO=Os,clock=12MHz_external	1.6.9			0	false	0	0		0	
2021-02-19 23:29:34	186	186.36	https://travis-ci.org/MCUdude/MightyCore/jobs/759683784	push		false	master	2e988f959a80ddcc65c0105e0e89bf353052916b	640d21af5c6e...2e988f959a80	Bump version	/home/travis/Arduino/hardware/MightyCore/avr/libraries/SD/examples/DumpFile/DumpFile.ino	MightyCore:avr:32:pinout=sanguino,BOD=disabled,LTO=Os,clock=12MHz_external	1.6.9			0	false	0	0		0	
2021-02-19 23:29:40	186	186.36	https://travis-ci.org/MCUdude/MightyCore/jobs/759683784	push		false	master	2e988f959a80ddcc65c0105e0e89bf353052916b	640d21af5c6e...2e988f959a80	Bump version	/home/travis/Arduino/hardware/MightyCore/avr/libraries/SD/examples/Files/Files.ino	MightyCore:avr:32:pinout=sanguino,BOD=disabled,LTO=Os,clock=12MHz_external	1.6.9			0	false	0	0		0	
2021-02-19 23:29:45	186	186.36	https://travis-ci.org/MCUdude/MightyCore/jobs/759683784	push		false	master	2e988f959a80ddcc65c0105e0e89bf353052916b	640d21af5c6e...2e988f959a80	Bump version	/home/travis/Arduino/hardware/MightyCore/avr/libraries/SoftwareSerial/examples/SoftwareSerialExample/SoftwareSerialExample.ino	MightyCore:avr:32:pinout=sanguino,BOD=disabled,LTO=Os,clock=12MHz_external	1.6.9			0	false	0	0		0	
2021-02-19 23:29:50	186	186.36	https://travis-ci.org/MCUdude/MightyCore/jobs/759683784	push		false	master	2e988f959a80ddcc65c0105e0e89bf353052916b	640d21af5c6e...2e988f959a80	Bump version	/home/travis/Arduino/hardware/MightyCore/avr/libraries/SoftwareSerial/examples/TwoPortReceive/TwoPortReceive.ino	MightyCore:avr:32:pinout=sanguino,BOD=disabled,LTO=Os,clock=12MHz_external	1.6.9			0	false	0	0		0	
2021-02-19 23:29:55	186	186.36	https://travis-ci.org/MCUdude/MightyCore/jobs/759683784	push		false	master	2e988f959a80ddcc65c0105e0e89bf353052916b	640d21af5c6e...2e988f959a80	Bump version	/home/travis/Arduino/hardware/MightyCore/avr/libraries/Servo/examples/Knob/Knob.ino	MightyCore:avr:32:pinout=sanguino,BOD=disabled,LTO=Os,clock=12MHz_external	1.6.9			0	false	0	0		0	
2021-02-19 23:29:59	186	186.36	https://travis-ci.org/MCUdude/MightyCore/jobs/759683784	push		false	master	2e988f959a80ddcc65c0105e0e89bf353052916b	640d21af5c6e...2e988f959a80	Bump version	/home/travis/Arduino/hardware/MightyCore/avr/libraries/Servo/examples/Sweep/Sweep.ino	MightyCore:avr:32:pinout=sanguino,BOD=disabled,LTO=Os,clock=12MHz_external	1.6.9			0	false	0	0		0	
2021-02-19 23:30:04	186	186.36	https://travis-ci.org/MCUdude/MightyCore/jobs/759683784	push		false	master	2e988f959a80ddcc65c0105e0e89bf353052916b	640d21af5c6e...2e988f959a80	Bump version	/home/travis/Arduino/hardware/MightyCore/avr/libraries/EEPROM/examples/eeprom_get/eeprom_get.ino	MightyCore:avr:32:pinout=sanguino,BOD=disabled,LTO=Os,clock=12MHz_external	1.6.9			0	false	0	0		0	
2021-02-19 23:30:09	186	186.36	https://travis-ci.org/MCUdude/MightyCore/jobs/759683784	push		false	master	2e988f959a80ddcc65c0105e0e89bf353052916b	640d21af5c6e...2e988f959a80	Bump version	/home/travis/Arduino/hardware/MightyCore/avr/libraries/EEPROM/examples/eeprom_crc/eeprom_crc.ino	MightyCore:avr:32:pinout=sanguino,BOD=disabled,LTO=Os,clock=12MHz_external	1.6.9			0	false	0	0		0	
2021-02-19 23:30:13	186	186.36	https://travis-ci.org/MCUdude/MightyCore/jobs/759683784	push		false	master	2e988f959a80ddcc65c0105e0e89bf353052916b	640d21af5c6e...2e988f959a80	Bump version	/home/travis/Arduino/hardware/MightyCore/avr/libraries/EEPROM/examples/eeprom_read/eeprom_read.ino	MightyCore:avr:32:pinout=sanguino,BOD=disabled,LTO=Os,clock=12MHz_external	1.6.9			0	false	0	0		0	
2021-02-19 23:30:18	186	186.36	https://travis-ci.org/MCUdude/MightyCore/jobs/759683784	push		false	master	2e988f959a80ddcc65c0105e0e89bf353052916b	640d21af5c6e...2e988f959a80	Bump version	/home/travis/Arduino/hardware/MightyCore/avr/libraries/EEPROM/examples/eeprom_clear/eeprom_clear.ino	MightyCore:avr:32:pinout=sanguino,BOD=disabled,LTO=Os,clock=12MHz_external	1.6.9			0	false	0	0		0	
2021-02-19 23:30:22	186	186.36	https://travis-ci.org/MCUdude/MightyCore/jobs/759683784	push		false	master	2e988f959a80ddcc65c0105e0e89bf353052916b	640d21af5c6e...2e988f959a80	Bump version	/home/travis/Arduino/hardware/MightyCore/avr/libraries/EEPROM/examples/eeprom_write/eeprom_write.ino	MightyCore:avr:32:pinout=sanguino,BOD=disabled,LTO=Os,clock=12MHz_external	1.6.9			0	false	0	0		0	
2021-02-19 23:30:27	186	186.36	https://travis-ci.org/MCUdude/MightyCore/jobs/759683784	push		false	master	2e988f959a80ddcc65c0105e0e89bf353052916b	640d21af5c6e...2e988f959a80	Bump version	/home/travis/Arduino/hardware/MightyCore/avr/libraries/EEPROM/examples/eeprom_iteration/eeprom_iteration.ino	MightyCore:avr:32:pinout=sanguino,BOD=disabled,LTO=Os,clock=12MHz_external	1.6.9			0	false	0	0		0	
2021-02-19 23:30:32	186	186.36	https://travis-ci.org/MCUdude/MightyCore/jobs/759683784	push		false	master	2e988f959a80ddcc65c0105e0e89bf353052916b	640d21af5c6e...2e988f959a80	Bump version	/home/travis/Arduino/hardware/MightyCore/avr/libraries/EEPROM/examples/eeprom_update/eeprom_update.ino	MightyCore:avr:32:pinout=sanguino,BOD=disabled,LTO=Os,clock=12MHz_external	1.6.9			0	false	0	0		0	
2021-02-19 23:30:37	186	186.36	https://travis-ci.org/MCUdude/MightyCore/jobs/759683784	push		false	master	2e988f959a80ddcc65c0105e0e89bf353052916b	640d21af5c6e...2e988f959a80	Bump version	/home/travis/Arduino/hardware/MightyCore/avr/libraries/EEPROM/examples/eeprom_put/eeprom_put.ino	MightyCore:avr:32:pinout=sanguino,BOD=disabled,LTO=Os,clock=12MHz_external	1.6.9			0	false	0	0		0	
2021-02-19 23:30:41	186	186.36	https://travis-ci.org/MCUdude/MightyCore/jobs/759683784	push		false	master	2e988f959a80ddcc65c0105e0e89bf353052916b	640d21af5c6e...2e988f959a80	Bump version	/home/travis/Arduino/hardware/MightyCore/avr/libraries/Optiboot_flasher/examples/SerialReadWrite/SerialReadWrite.ino	MightyCore:avr:32:pinout=sanguino,BOD=disabled,LTO=Os,clock=12MHz_external	1.6.9			0	false	0	0		0	
2021-02-19 23:30:46	186	186.36	https://travis-ci.org/MCUdude/MightyCore/jobs/759683784	push		false	master	2e988f959a80ddcc65c0105e0e89bf353052916b	640d21af5c6e...2e988f959a80	Bump version	/home/travis/Arduino/hardware/MightyCore/avr/libraries/Timer/examples/Events/Events.ino	MightyCore:avr:32:pinout=sanguino,BOD=disabled,LTO=Os,clock=12MHz_external	1.6.9			0	false	0	0		0	
2021-02-19 23:30:51	186	186.36	https://travis-ci.org/MCUdude/MightyCore/jobs/759683784	push		false	master	2e988f959a80ddcc65c0105e0e89bf353052916b	640d21af5c6e...2e988f959a80	Bump version	/home/travis/Arduino/hardware/MightyCore/avr/libraries/Timer/examples/Pin_high_10_minutes/Pin_high_10_minutes.ino	MightyCore:avr:32:pinout=sanguino,BOD=disabled,LTO=Os,clock=12MHz_external	1.6.9			0	false	0	0		0	
2021-02-19 23:30:56	186	186.36	https://travis-ci.org/MCUdude/MightyCore/jobs/759683784	push		false	master	2e988f959a80ddcc65c0105e0e89bf353052916b	640d21af5c6e...2e988f959a80	Bump version	/home/travis/Arduino/hardware/MightyCore/avr/libraries/Timer/examples/Multitasking/Multitasking.ino	MightyCore:avr:32:pinout=sanguino,BOD=disabled,LTO=Os,clock=12MHz_external	1.6.9			0	false	0	0		0	
2021-02-19 23:31:01	186	186.36	https://travis-ci.org/MCUdude/MightyCore/jobs/759683784	push		false	master	2e988f959a80ddcc65c0105e0e89bf353052916b	640d21af5c6e...2e988f959a80	Bump version	/home/travis/Arduino/hardware/MightyCore/avr/libraries/Timer/examples/TimerTest/TimerTest.ino	MightyCore:avr:32:pinout=sanguino,BOD=disabled,LTO=Os,clock=12MHz_external	1.6.9			0	false	0	0		0	
2021-02-19 23:31:06	186	186.36	https://travis-ci.org/MCUdude/MightyCore/jobs/759683784	push		false	master	2e988f959a80ddcc65c0105e0e89bf353052916b	640d21af5c6e...2e988f959a80	Bump version	/home/travis/Arduino/hardware/MightyCore/avr/libraries/SPI/examples/BarometricPressureSensor/BarometricPressureSensor.ino	MightyCore:avr:32:pinout=sanguino,BOD=disabled,LTO=Os,clock=12MHz_external	1.6.9			1	false	0	0		0	
2021-02-19 23:31:11	186	186.36	https://travis-ci.org/MCUdude/MightyCore/jobs/759683784	push		false	master	2e988f959a80ddcc65c0105e0e89bf353052916b	640d21af5c6e...2e988f959a80	Bump version	/home/travis/Arduino/hardware/MightyCore/avr/libraries/SPI/examples/DigitalPotControl/DigitalPotControl.ino	MightyCore:avr:32:pinout=sanguino,BOD=disabled,LTO=Os,clock=12MHz_external	1.6.9			0	false	0	0		0	
2021-02-19 23:31:16	186	186.36	https://travis-ci.org/MCUdude/MightyCore/jobs/759683784	push		false	master	2e988f959a80ddcc65c0105e0e89bf353052916b	640d21af5c6e...2e988f959a80	Bump version	/home/travis/Arduino/hardware/MightyCore/avr/libraries/Wire/examples/i2c_scanner/i2c_scanner.ino	MightyCore:avr:32:pinout=sanguino,BOD=disabled,LTO=Os,clock=12MHz_external	1.6.9			0	false	0	0		0	
2021-02-19 23:31:21	186	186.36	https://travis-ci.org/MCUdude/MightyCore/jobs/759683784	push		false	master	2e988f959a80ddcc65c0105e0e89bf353052916b	640d21af5c6e...2e988f959a80	Bump version	/home/travis/Arduino/hardware/MightyCore/avr/libraries/Wire/examples/SFRRanger_reader/SFRRanger_reader.ino	MightyCore:avr:32:pinout=sanguino,BOD=disabled,LTO=Os,clock=12MHz_external	1.6.9			0	false	0	0		0	
2021-02-19 23:31:26	186	186.36	https://travis-ci.org/MCUdude/MightyCore/jobs/759683784	push		false	master	2e988f959a80ddcc65c0105e0e89bf353052916b	640d21af5c6e...2e988f959a80	Bump version	/home/travis/Arduino/hardware/MightyCore/avr/libraries/Wire/examples/master_writer/master_writer.ino	MightyCore:avr:32:pinout=sanguino,BOD=disabled,LTO=Os,clock=12MHz_external	1.6.9			0	false	0	0		0	
2021-02-19 23:31:31	186	186.36	https://travis-ci.org/MCUdude/MightyCore/jobs/759683784	push		false	master	2e988f959a80ddcc65c0105e0e89bf353052916b	640d21af5c6e...2e988f959a80	Bump version	/home/travis/Arduino/hardware/MightyCore/avr/libraries/Wire/examples/digital_potentiometer/digital_potentiometer.ino	MightyCore:avr:32:pinout=sanguino,BOD=disabled,LTO=Os,clock=12MHz_external	1.6.9			0	false	0	0		0	
2021-02-19 23:31:36	186	186.36	https://travis-ci.org/MCUdude/MightyCore/jobs/759683784	push		false	master	2e988f959a80ddcc65c0105e0e89bf353052916b	640d21af5c6e...2e988f959a80	Bump version	/home/travis/Arduino/hardware/MightyCore/avr/libraries/Wire/examples/slave_receiver/slave_receiver.ino	MightyCore:avr:32:pinout=sanguino,BOD=disabled,LTO=Os,clock=12MHz_external	1.6.9			0	false	0	0		0	
2021-02-19 23:31:41	186	186.36	https://travis-ci.org/MCUdude/MightyCore/jobs/759683784	push		false	master	2e988f959a80ddcc65c0105e0e89bf353052916b	640d21af5c6e...2e988f959a80	Bump version	/home/travis/Arduino/hardware/MightyCore/avr/libraries/Wire/examples/master_reader/master_reader.ino	MightyCore:avr:32:pinout=sanguino,BOD=disabled,LTO=Os,clock=12MHz_external	1.6.9			0	false	0	0		0	
2021-02-19 23:31:45	186	186.36	https://travis-ci.org/MCUdude/MightyCore/jobs/759683784	push		false	master	2e988f959a80ddcc65c0105e0e89bf353052916b	640d21af5c6e...2e988f959a80	Bump version	/home/travis/Arduino/hardware/MightyCore/avr/libraries/Wire/examples/slave_sender/slave_sender.ino	MightyCore:avr:32:pinout=sanguino,BOD=disabled,LTO=Os,clock=12MHz_external	1.6.9			0	false	0	0		0	
2021-02-19 23:31:52	186	186.36	https://travis-ci.org/MCUdude/MightyCore/jobs/759683784	push		false	master	2e988f959a80ddcc65c0105e0e89bf353052916b	640d21af5c6e...2e988f959a80	Bump version	/home/travis/Arduino/hardware/MightyCore/avr/libraries/AVR_examples/examples/Blink_using_Timer0/Blink_using_Timer0.ino	MightyCore:avr:32:pinout=sanguino,BOD=disabled,LTO=Os,clock=12MHz_external	1.6.11			0	false	0	0		0	
2021-02-19 23:31:57	186	186.36	https://travis-ci.org/MCUdude/MightyCore/jobs/759683784	push		false	master	2e988f959a80ddcc65c0105e0e89bf353052916b	640d21af5c6e...2e988f959a80	Bump version	/home/travis/Arduino/hardware/MightyCore/avr/libraries/AVR_examples/examples/Read_port_write_port/Read_port_write_port.ino	MightyCore:avr:32:pinout=sanguino,BOD=disabled,LTO=Os,clock=12MHz_external	1.6.11			0	false	0	0		0	
2021-02-19 23:32:02	186	186.36	https://travis-ci.org/MCUdude/MightyCore/jobs/759683784	push		false	master	2e988f959a80ddcc65c0105e0e89bf353052916b	640d21af5c6e...2e988f959a80	Bump version	/home/travis/Arduino/hardware/MightyCore/avr/libraries/AVR_examples/examples/Measure_period_length/Measure_period_length.ino	MightyCore:avr:32:pinout=sanguino,BOD=disabled,LTO=Os,clock=12MHz_external	1.6.11			0	false	0	0		0	
2021-02-19 23:32:07	186	186.36	https://travis-ci.org/MCUdude/MightyCore/jobs/759683784	push		false	master	2e988f959a80ddcc65c0105e0e89bf353052916b	640d21af5c6e...2e988f959a80	Bump version	/home/travis/Arduino/hardware/MightyCore/avr/libraries/AVR_examples/examples/Watch_dog_timer/Watch_dog_timer.ino	MightyCore:avr:32:pinout=sanguino,BOD=disabled,LTO=Os,clock=12MHz_external	1.6.11			0	false	0	0		0	
2021-02-19 23:32:11	186	186.36	https://travis-ci.org/MCUdude/MightyCore/jobs/759683784	push		false	master	2e988f959a80ddcc65c0105e0e89bf353052916b	640d21af5c6e...2e988f959a80	Bump version	/home/travis/Arduino/hardware/MightyCore/avr/libraries/AVR_examples/examples/Blink/Blink.ino	MightyCore:avr:32:pinout=sanguino,BOD=disabled,LTO=Os,clock=12MHz_external	1.6.11			0	false	0	0		0	
2021-02-19 23:32:17	186	186.36	https://travis-ci.org/MCUdude/MightyCore/jobs/759683784	push		false	master	2e988f959a80ddcc65c0105e0e89bf353052916b	640d21af5c6e...2e988f959a80	Bump version	/home/travis/Arduino/hardware/MightyCore/avr/libraries/SD/examples/Datalogger/Datalogger.ino	MightyCore:avr:32:pinout=sanguino,BOD=disabled,LTO=Os,clock=12MHz_external	1.6.11			0	false	0	0		0	
2021-02-19 23:32:23	186	186.36	https://travis-ci.org/MCUdude/MightyCore/jobs/759683784	push		false	master	2e988f959a80ddcc65c0105e0e89bf353052916b	640d21af5c6e...2e988f959a80	Bump version	/home/travis/Arduino/hardware/MightyCore/avr/libraries/SD/examples/CardInfo/CardInfo.ino	MightyCore:avr:32:pinout=sanguino,BOD=disabled,LTO=Os,clock=12MHz_external	1.6.11			0	false	0	0		0	
2021-02-19 23:32:28	186	186.36	https://travis-ci.org/MCUdude/MightyCore/jobs/759683784	push		false	master	2e988f959a80ddcc65c0105e0e89bf353052916b	640d21af5c6e...2e988f959a80	Bump version	/home/travis/Arduino/hardware/MightyCore/avr/libraries/SD/examples/ReadWrite/ReadWrite.ino	MightyCore:avr:32:pinout=sanguino,BOD=disabled,LTO=Os,clock=12MHz_external	1.6.11			0	false	0	0		0	
2021-02-19 23:32:34	186	186.36	https://travis-ci.org/MCUdude/MightyCore/jobs/759683784	push		false	master	2e988f959a80ddcc65c0105e0e89bf353052916b	640d21af5c6e...2e988f959a80	Bump version	/home/travis/Arduino/hardware/MightyCore/avr/libraries/SD/examples/listfiles/listfiles.ino	MightyCore:avr:32:pinout=sanguino,BOD=disabled,LTO=Os,clock=12MHz_external	1.6.11			0	false	0	0		0	
2021-02-19 23:32:40	186	186.36	https://travis-ci.org/MCUdude/MightyCore/jobs/759683784	push		false	master	2e988f959a80ddcc65c0105e0e89bf353052916b	640d21af5c6e...2e988f959a80	Bump version	/home/travis/Arduino/hardware/MightyCore/avr/libraries/SD/examples/DumpFile/DumpFile.ino	MightyCore:avr:32:pinout=sanguino,BOD=disabled,LTO=Os,clock=12MHz_external	1.6.11			0	false	0	0		0	
2021-02-19 23:32:45	186	186.36	https://travis-ci.org/MCUdude/MightyCore/jobs/759683784	push		false	master	2e988f959a80ddcc65c0105e0e89bf353052916b	640d21af5c6e...2e988f959a80	Bump version	/home/travis/Arduino/hardware/MightyCore/avr/libraries/SD/examples/Files/Files.ino	MightyCore:avr:32:pinout=sanguino,BOD=disabled,LTO=Os,clock=12MHz_external	1.6.11			0	false	0	0		0	
2021-02-19 23:32:50	186	186.36	https://travis-ci.org/MCUdude/MightyCore/jobs/759683784	push		false	master	2e988f959a80ddcc65c0105e0e89bf353052916b	640d21af5c6e...2e988f959a80	Bump version	/home/travis/Arduino/hardware/MightyCore/avr/libraries/SoftwareSerial/examples/SoftwareSerialExample/SoftwareSerialExample.ino	MightyCore:avr:32:pinout=sanguino,BOD=disabled,LTO=Os,clock=12MHz_external	1.6.11			0	false	0	0		0	
2021-02-19 23:32:55	186	186.36	https://travis-ci.org/MCUdude/MightyCore/jobs/759683784	push		false	master	2e988f959a80ddcc65c0105e0e89bf353052916b	640d21af5c6e...2e988f959a80	Bump version	/home/travis/Arduino/hardware/MightyCore/avr/libraries/SoftwareSerial/examples/TwoPortReceive/TwoPortReceive.ino	MightyCore:avr:32:pinout=sanguino,BOD=disabled,LTO=Os,clock=12MHz_external	1.6.11			0	false	0	0		0	
2021-02-19 23:33:00	186	186.36	https://travis-ci.org/MCUdude/MightyCore/jobs/759683784	push		false	master	2e988f959a80ddcc65c0105e0e89bf353052916b	640d21af5c6e...2e988f959a80	Bump version	/home/travis/Arduino/hardware/MightyCore/avr/libraries/Servo/examples/Knob/Knob.ino	MightyCore:avr:32:pinout=sanguino,BOD=disabled,LTO=Os,clock=12MHz_external	1.6.11			0	false	0	0		0	
2021-02-19 23:33:05	186	186.36	https://travis-ci.org/MCUdude/MightyCore/jobs/759683784	push		false	master	2e988f959a80ddcc65c0105e0e89bf353052916b	640d21af5c6e...2e988f959a80	Bump version	/home/travis/Arduino/hardware/MightyCore/avr/libraries/Servo/examples/Sweep/Sweep.ino	MightyCore:avr:32:pinout=sanguino,BOD=disabled,LTO=Os,clock=12MHz_external	1.6.11			0	false	0	0		0	
2021-02-19 23:33:09	186	186.36	https://travis-ci.org/MCUdude/MightyCore/jobs/759683784	push		false	master	2e988f959a80ddcc65c0105e0e89bf353052916b	640d21af5c6e...2e988f959a80	Bump version	/home/travis/Arduino/hardware/MightyCore/avr/libraries/EEPROM/examples/eeprom_get/eeprom_get.ino	MightyCore:avr:32:pinout=sanguino,BOD=disabled,LTO=Os,clock=12MHz_external	1.6.11			0	false	0	0		0	
2021-02-19 23:33:14	186	186.36	https://travis-ci.org/MCUdude/MightyCore/jobs/759683784	push		false	master	2e988f959a80ddcc65c0105e0e89bf353052916b	640d21af5c6e...2e988f959a80	Bump version	/home/travis/Arduino/hardware/MightyCore/avr/libraries/EEPROM/examples/eeprom_crc/eeprom_crc.ino	MightyCore:avr:32:pinout=sanguino,BOD=disabled,LTO=Os,clock=12MHz_external	1.6.11			0	false	0	0		0	
2021-02-19 23:33:19	186	186.36	https://travis-ci.org/MCUdude/MightyCore/jobs/759683784	push		false	master	2e988f959a80ddcc65c0105e0e89bf353052916b	640d21af5c6e...2e988f959a80	Bump version	/home/travis/Arduino/hardware/MightyCore/avr/libraries/EEPROM/examples/eeprom_read/eeprom_read.ino	MightyCore:avr:32:pinout=sanguino,BOD=disabled,LTO=Os,clock=12MHz_external	1.6.11			0	false	0	0		0	
2021-02-19 23:33:24	186	186.36	https://travis-ci.org/MCUdude/MightyCore/jobs/759683784	push		false	master	2e988f959a80ddcc65c0105e0e89bf353052916b	640d21af5c6e...2e988f959a80	Bump version	/home/travis/Arduino/hardware/MightyCore/avr/libraries/EEPROM/examples/eeprom_clear/eeprom_clear.ino	MightyCore:avr:32:pinout=sanguino,BOD=disabled,LTO=Os,clock=12MHz_external	1.6.11			0	false	0	0		0	
2021-02-19 23:33:29	186	186.36	https://travis-ci.org/MCUdude/MightyCore/jobs/759683784	push		false	master	2e988f959a80ddcc65c0105e0e89bf353052916b	640d21af5c6e...2e988f959a80	Bump version	/home/travis/Arduino/hardware/MightyCore/avr/libraries/EEPROM/examples/eeprom_write/eeprom_write.ino	MightyCore:avr:32:pinout=sanguino,BOD=disabled,LTO=Os,clock=12MHz_external	1.6.11			0	false	0	0		0	
2021-02-19 23:33:33	186	186.36	https://travis-ci.org/MCUdude/MightyCore/jobs/759683784	push		false	master	2e988f959a80ddcc65c0105e0e89bf353052916b	640d21af5c6e...2e988f959a80	Bump version	/home/travis/Arduino/hardware/MightyCore/avr/libraries/EEPROM/examples/eeprom_iteration/eeprom_iteration.ino	MightyCore:avr:32:pinout=sanguino,BOD=disabled,LTO=Os,clock=12MHz_external	1.6.11			0	false	0	0		0	
2021-02-19 23:33:38	186	186.36	https://travis-ci.org/MCUdude/MightyCore/jobs/759683784	push		false	master	2e988f959a80ddcc65c0105e0e89bf353052916b	640d21af5c6e...2e988f959a80	Bump version	/home/travis/Arduino/hardware/MightyCore/avr/libraries/EEPROM/examples/eeprom_update/eeprom_update.ino	MightyCore:avr:32:pinout=sanguino,BOD=disabled,LTO=Os,clock=12MHz_external	1.6.11			0	false	0	0		0	
2021-02-19 23:33:43	186	186.36	https://travis-ci.org/MCUdude/MightyCore/jobs/759683784	push		false	master	2e988f959a80ddcc65c0105e0e89bf353052916b	640d21af5c6e...2e988f959a80	Bump version	/home/travis/Arduino/hardware/MightyCore/avr/libraries/EEPROM/examples/eeprom_put/eeprom_put.ino	MightyCore:avr:32:pinout=sanguino,BOD=disabled,LTO=Os,clock=12MHz_external	1.6.11			0	false	0	0		0	
2021-02-19 23:33:47	186	186.36	https://travis-ci.org/MCUdude/MightyCore/jobs/759683784	push		false	master	2e988f959a80ddcc65c0105e0e89bf353052916b	640d21af5c6e...2e988f959a80	Bump version	/home/travis/Arduino/hardware/MightyCore/avr/libraries/Optiboot_flasher/examples/SerialReadWrite/SerialReadWrite.ino	MightyCore:avr:32:pinout=sanguino,BOD=disabled,LTO=Os,clock=12MHz_external	1.6.11			0	false	0	0		0	
2021-02-19 23:33:52	186	186.36	https://travis-ci.org/MCUdude/MightyCore/jobs/759683784	push		false	master	2e988f959a80ddcc65c0105e0e89bf353052916b	640d21af5c6e...2e988f959a80	Bump version	/home/travis/Arduino/hardware/MightyCore/avr/libraries/Timer/examples/Events/Events.ino	MightyCore:avr:32:pinout=sanguino,BOD=disabled,LTO=Os,clock=12MHz_external	1.6.11			0	false	0	0		0	
2021-02-19 23:33:57	186	186.36	https://travis-ci.org/MCUdude/MightyCore/jobs/759683784	push		false	master	2e988f959a80ddcc65c0105e0e89bf353052916b	640d21af5c6e...2e988f959a80	Bump version	/home/travis/Arduino/hardware/MightyCore/avr/libraries/Timer/examples/Pin_high_10_minutes/Pin_high_10_minutes.ino	MightyCore:avr:32:pinout=sanguino,BOD=disabled,LTO=Os,clock=12MHz_external	1.6.11			0	false	0	0		0	
2021-02-19 23:34:02	186	186.36	https://travis-ci.org/MCUdude/MightyCore/jobs/759683784	push		false	master	2e988f959a80ddcc65c0105e0e89bf353052916b	640d21af5c6e...2e988f959a80	Bump version	/home/travis/Arduino/hardware/MightyCore/avr/libraries/Timer/examples/Multitasking/Multitasking.ino	MightyCore:avr:32:pinout=sanguino,BOD=disabled,LTO=Os,clock=12MHz_external	1.6.11			0	false	0	0		0	
2021-02-19 23:34:07	186	186.36	https://travis-ci.org/MCUdude/MightyCore/jobs/759683784	push		false	master	2e988f959a80ddcc65c0105e0e89bf353052916b	640d21af5c6e...2e988f959a80	Bump version	/home/travis/Arduino/hardware/MightyCore/avr/libraries/Timer/examples/TimerTest/TimerTest.ino	MightyCore:avr:32:pinout=sanguino,BOD=disabled,LTO=Os,clock=12MHz_external	1.6.11			0	false	0	0		0	
2021-02-19 23:34:12	186	186.36	https://travis-ci.org/MCUdude/MightyCore/jobs/759683784	push		false	master	2e988f959a80ddcc65c0105e0e89bf353052916b	640d21af5c6e...2e988f959a80	Bump version	/home/travis/Arduino/hardware/MightyCore/avr/libraries/SPI/examples/BarometricPressureSensor/BarometricPressureSensor.ino	MightyCore:avr:32:pinout=sanguino,BOD=disabled,LTO=Os,clock=12MHz_external	1.6.11			1	false	0	0		0	
2021-02-19 23:34:16	186	186.36	https://travis-ci.org/MCUdude/MightyCore/jobs/759683784	push		false	master	2e988f959a80ddcc65c0105e0e89bf353052916b	640d21af5c6e...2e988f959a80	Bump version	/home/travis/Arduino/hardware/MightyCore/avr/libraries/SPI/examples/DigitalPotControl/DigitalPotControl.ino	MightyCore:avr:32:pinout=sanguino,BOD=disabled,LTO=Os,clock=12MHz_external	1.6.11			0	false	0	0		0	
2021-02-19 23:34:21	186	186.36	https://travis-ci.org/MCUdude/MightyCore/jobs/759683784	push		false	master	2e988f959a80ddcc65c0105e0e89bf353052916b	640d21af5c6e...2e988f959a80	Bump version	/home/travis/Arduino/hardware/MightyCore/avr/libraries/Wire/examples/i2c_scanner/i2c_scanner.ino	MightyCore:avr:32:pinout=sanguino,BOD=disabled,LTO=Os,clock=12MHz_external	1.6.11			0	false	0	0		0	
2021-02-19 23:34:26	186	186.36	https://travis-ci.org/MCUdude/MightyCore/jobs/759683784	push		false	master	2e988f959a80ddcc65c0105e0e89bf353052916b	640d21af5c6e...2e988f959a80	Bump version	/home/travis/Arduino/hardware/MightyCore/avr/libraries/Wire/examples/SFRRanger_reader/SFRRanger_reader.ino	MightyCore:avr:32:pinout=sanguino,BOD=disabled,LTO=Os,clock=12MHz_external	1.6.11			0	false	0	0		0	
2021-02-19 23:34:31	186	186.36	https://travis-ci.org/MCUdude/MightyCore/jobs/759683784	push		false	master	2e988f959a80ddcc65c0105e0e89bf353052916b	640d21af5c6e...2e988f959a80	Bump version	/home/travis/Arduino/hardware/MightyCore/avr/libraries/Wire/examples/master_writer/master_writer.ino	MightyCore:avr:32:pinout=sanguino,BOD=disabled,LTO=Os,clock=12MHz_external	1.6.11			0	false	0	0		0	
2021-02-19 23:34:36	186	186.36	https://travis-ci.org/MCUdude/MightyCore/jobs/759683784	push		false	master	2e988f959a80ddcc65c0105e0e89bf353052916b	640d21af5c6e...2e988f959a80	Bump version	/home/travis/Arduino/hardware/MightyCore/avr/libraries/Wire/examples/digital_potentiometer/digital_potentiometer.ino	MightyCore:avr:32:pinout=sanguino,BOD=disabled,LTO=Os,clock=12MHz_external	1.6.11			0	false	0	0		0	
2021-02-19 23:34:41	186	186.36	https://travis-ci.org/MCUdude/MightyCore/jobs/759683784	push		false	master	2e988f959a80ddcc65c0105e0e89bf353052916b	640d21af5c6e...2e988f959a80	Bump version	/home/travis/Arduino/hardware/MightyCore/avr/libraries/Wire/examples/slave_receiver/slave_receiver.ino	MightyCore:avr:32:pinout=sanguino,BOD=disabled,LTO=Os,clock=12MHz_external	1.6.11			0	false	0	0		0	
2021-02-19 23:34:46	186	186.36	https://travis-ci.org/MCUdude/MightyCore/jobs/759683784	push		false	master	2e988f959a80ddcc65c0105e0e89bf353052916b	640d21af5c6e...2e988f959a80	Bump version	/home/travis/Arduino/hardware/MightyCore/avr/libraries/Wire/examples/master_reader/master_reader.ino	MightyCore:avr:32:pinout=sanguino,BOD=disabled,LTO=Os,clock=12MHz_external	1.6.11			0	false	0	0		0	
2021-02-19 23:34:51	186	186.36	https://travis-ci.org/MCUdude/MightyCore/jobs/759683784	push		false	master	2e988f959a80ddcc65c0105e0e89bf353052916b	640d21af5c6e...2e988f959a80	Bump version	/home/travis/Arduino/hardware/MightyCore/avr/libraries/Wire/examples/slave_sender/slave_sender.ino	MightyCore:avr:32:pinout=sanguino,BOD=disabled,LTO=Os,clock=12MHz_external	1.6.11			0	false	0	0		0	
2021-02-19 23:34:58	186	186.36	https://travis-ci.org/MCUdude/MightyCore/jobs/759683784	push		false	master	2e988f959a80ddcc65c0105e0e89bf353052916b	640d21af5c6e...2e988f959a80	Bump version	/home/travis/Arduino/hardware/MightyCore/avr/libraries/AVR_examples/examples/Blink_using_Timer0/Blink_using_Timer0.ino	MightyCore:avr:32:pinout=sanguino,BOD=disabled,LTO=Os,clock=12MHz_external	1.6.13			0	false	0	0		0	
2021-02-19 23:35:03	186	186.36	https://travis-ci.org/MCUdude/MightyCore/jobs/759683784	push		false	master	2e988f959a80ddcc65c0105e0e89bf353052916b	640d21af5c6e...2e988f959a80	Bump version	/home/travis/Arduino/hardware/MightyCore/avr/libraries/AVR_examples/examples/Read_port_write_port/Read_port_write_port.ino	MightyCore:avr:32:pinout=sanguino,BOD=disabled,LTO=Os,clock=12MHz_external	1.6.13			0	false	0	0		0	
2021-02-19 23:35:07	186	186.36	https://travis-ci.org/MCUdude/MightyCore/jobs/759683784	push		false	master	2e988f959a80ddcc65c0105e0e89bf353052916b	640d21af5c6e...2e988f959a80	Bump version	/home/travis/Arduino/hardware/MightyCore/avr/libraries/AVR_examples/examples/Measure_period_length/Measure_period_length.ino	MightyCore:avr:32:pinout=sanguino,BOD=disabled,LTO=Os,clock=12MHz_external	1.6.13			0	false	0	0		0	
2021-02-19 23:35:12	186	186.36	https://travis-ci.org/MCUdude/MightyCore/jobs/759683784	push		false	master	2e988f959a80ddcc65c0105e0e89bf353052916b	640d21af5c6e...2e988f959a80	Bump version	/home/travis/Arduino/hardware/MightyCore/avr/libraries/AVR_examples/examples/Watch_dog_timer/Watch_dog_timer.ino	MightyCore:avr:32:pinout=sanguino,BOD=disabled,LTO=Os,clock=12MHz_external	1.6.13			0	false	0	0		0	
2021-02-19 23:35:17	186	186.36	https://travis-ci.org/MCUdude/MightyCore/jobs/759683784	push		false	master	2e988f959a80ddcc65c0105e0e89bf353052916b	640d21af5c6e...2e988f959a80	Bump version	/home/travis/Arduino/hardware/MightyCore/avr/libraries/AVR_examples/examples/Blink/Blink.ino	MightyCore:avr:32:pinout=sanguino,BOD=disabled,LTO=Os,clock=12MHz_external	1.6.13			0	false	0	0		0	
2021-02-19 23:35:23	186	186.36	https://travis-ci.org/MCUdude/MightyCore/jobs/759683784	push		false	master	2e988f959a80ddcc65c0105e0e89bf353052916b	640d21af5c6e...2e988f959a80	Bump version	/home/travis/Arduino/hardware/MightyCore/avr/libraries/SD/examples/Datalogger/Datalogger.ino	MightyCore:avr:32:pinout=sanguino,BOD=disabled,LTO=Os,clock=12MHz_external	1.6.13			0	false	0	0		0	
2021-02-19 23:35:28	186	186.36	https://travis-ci.org/MCUdude/MightyCore/jobs/759683784	push		false	master	2e988f959a80ddcc65c0105e0e89bf353052916b	640d21af5c6e...2e988f959a80	Bump version	/home/travis/Arduino/hardware/MightyCore/avr/libraries/SD/examples/CardInfo/CardInfo.ino	MightyCore:avr:32:pinout=sanguino,BOD=disabled,LTO=Os,clock=12MHz_external	1.6.13			0	false	0	0		0	
2021-02-19 23:35:34	186	186.36	https://travis-ci.org/MCUdude/MightyCore/jobs/759683784	push		false	master	2e988f959a80ddcc65c0105e0e89bf353052916b	640d21af5c6e...2e988f959a80	Bump version	/home/travis/Arduino/hardware/MightyCore/avr/libraries/SD/examples/ReadWrite/ReadWrite.ino	MightyCore:avr:32:pinout=sanguino,BOD=disabled,LTO=Os,clock=12MHz_external	1.6.13			0	false	0	0		0	
2021-02-19 23:35:40	186	186.36	https://travis-ci.org/MCUdude/MightyCore/jobs/759683784	push		false	master	2e988f959a80ddcc65c0105e0e89bf353052916b	640d21af5c6e...2e988f959a80	Bump version	/home/travis/Arduino/hardware/MightyCore/avr/libraries/SD/examples/listfiles/listfiles.ino	MightyCore:avr:32:pinout=sanguino,BOD=disabled,LTO=Os,clock=12MHz_external	1.6.13			0	false	0	0		0	
2021-02-19 23:35:45	186	186.36	https://travis-ci.org/MCUdude/MightyCore/jobs/759683784	push		false	master	2e988f959a80ddcc65c0105e0e89bf353052916b	640d21af5c6e...2e988f959a80	Bump version	/home/travis/Arduino/hardware/MightyCore/avr/libraries/SD/examples/DumpFile/DumpFile.ino	MightyCore:avr:32:pinout=sanguino,BOD=disabled,LTO=Os,clock=12MHz_external	1.6.13			0	false	0	0		0	
2021-02-19 23:35:51	186	186.36	https://travis-ci.org/MCUdude/MightyCore/jobs/759683784	push		false	master	2e988f959a80ddcc65c0105e0e89bf353052916b	640d21af5c6e...2e988f959a80	Bump version	/home/travis/Arduino/hardware/MightyCore/avr/libraries/SD/examples/Files/Files.ino	MightyCore:avr:32:pinout=sanguino,BOD=disabled,LTO=Os,clock=12MHz_external	1.6.13			0	false	0	0		0	
2021-02-19 23:35:56	186	186.36	https://travis-ci.org/MCUdude/MightyCore/jobs/759683784	push		false	master	2e988f959a80ddcc65c0105e0e89bf353052916b	640d21af5c6e...2e988f959a80	Bump version	/home/travis/Arduino/hardware/MightyCore/avr/libraries/SoftwareSerial/examples/SoftwareSerialExample/SoftwareSerialExample.ino	MightyCore:avr:32:pinout=sanguino,BOD=disabled,LTO=Os,clock=12MHz_external	1.6.13			0	false	0	0		0	
2021-02-19 23:36:01	186	186.36	https://travis-ci.org/MCUdude/MightyCore/jobs/759683784	push		false	master	2e988f959a80ddcc65c0105e0e89bf353052916b	640d21af5c6e...2e988f959a80	Bump version	/home/travis/Arduino/hardware/MightyCore/avr/libraries/SoftwareSerial/examples/TwoPortReceive/TwoPortReceive.ino	MightyCore:avr:32:pinout=sanguino,BOD=disabled,LTO=Os,clock=12MHz_external	1.6.13			0	false	0	0		0	
2021-02-19 23:36:05	186	186.36	https://travis-ci.org/MCUdude/MightyCore/jobs/759683784	push		false	master	2e988f959a80ddcc65c0105e0e89bf353052916b	640d21af5c6e...2e988f959a80	Bump version	/home/travis/Arduino/hardware/MightyCore/avr/libraries/Servo/examples/Knob/Knob.ino	MightyCore:avr:32:pinout=sanguino,BOD=disabled,LTO=Os,clock=12MHz_external	1.6.13			0	false	0	0		0	
2021-02-19 23:36:10	186	186.36	https://travis-ci.org/MCUdude/MightyCore/jobs/759683784	push		false	master	2e988f959a80ddcc65c0105e0e89bf353052916b	640d21af5c6e...2e988f959a80	Bump version	/home/travis/Arduino/hardware/MightyCore/avr/libraries/Servo/examples/Sweep/Sweep.ino	MightyCore:avr:32:pinout=sanguino,BOD=disabled,LTO=Os,clock=12MHz_external	1.6.13			0	false	0	0		0	
2021-02-19 23:36:15	186	186.36	https://travis-ci.org/MCUdude/MightyCore/jobs/759683784	push		false	master	2e988f959a80ddcc65c0105e0e89bf353052916b	640d21af5c6e...2e988f959a80	Bump version	/home/travis/Arduino/hardware/MightyCore/avr/libraries/EEPROM/examples/eeprom_get/eeprom_get.ino	MightyCore:avr:32:pinout=sanguino,BOD=disabled,LTO=Os,clock=12MHz_external	1.6.13			0	false	0	0		0	
2021-02-19 23:36:20	186	186.36	https://travis-ci.org/MCUdude/MightyCore/jobs/759683784	push		false	master	2e988f959a80ddcc65c0105e0e89bf353052916b	640d21af5c6e...2e988f959a80	Bump version	/home/travis/Arduino/hardware/MightyCore/avr/libraries/EEPROM/examples/eeprom_crc/eeprom_crc.ino	MightyCore:avr:32:pinout=sanguino,BOD=disabled,LTO=Os,clock=12MHz_external	1.6.13			0	false	0	0		0	
2021-02-19 23:36:25	186	186.36	https://travis-ci.org/MCUdude/MightyCore/jobs/759683784	push		false	master	2e988f959a80ddcc65c0105e0e89bf353052916b	640d21af5c6e...2e988f959a80	Bump version	/home/travis/Arduino/hardware/MightyCore/avr/libraries/EEPROM/examples/eeprom_read/eeprom_read.ino	MightyCore:avr:32:pinout=sanguino,BOD=disabled,LTO=Os,clock=12MHz_external	1.6.13			0	false	0	0		0	
2021-02-19 23:36:29	186	186.36	https://travis-ci.org/MCUdude/MightyCore/jobs/759683784	push		false	master	2e988f959a80ddcc65c0105e0e89bf353052916b	640d21af5c6e...2e988f959a80	Bump version	/home/travis/Arduino/hardware/MightyCore/avr/libraries/EEPROM/examples/eeprom_clear/eeprom_clear.ino	MightyCore:avr:32:pinout=sanguino,BOD=disabled,LTO=Os,clock=12MHz_external	1.6.13			0	false	0	0		0	
2021-02-19 23:36:34	186	186.36	https://travis-ci.org/MCUdude/MightyCore/jobs/759683784	push		false	master	2e988f959a80ddcc65c0105e0e89bf353052916b	640d21af5c6e...2e988f959a80	Bump version	/home/travis/Arduino/hardware/MightyCore/avr/libraries/EEPROM/examples/eeprom_write/eeprom_write.ino	MightyCore:avr:32:pinout=sanguino,BOD=disabled,LTO=Os,clock=12MHz_external	1.6.13			0	false	0	0		0	
2021-02-19 23:36:39	186	186.36	https://travis-ci.org/MCUdude/MightyCore/jobs/759683784	push		false	master	2e988f959a80ddcc65c0105e0e89bf353052916b	640d21af5c6e...2e988f959a80	Bump version	/home/travis/Arduino/hardware/MightyCore/avr/libraries/EEPROM/examples/eeprom_iteration/eeprom_iteration.ino	MightyCore:avr:32:pinout=sanguino,BOD=disabled,LTO=Os,clock=12MHz_external	1.6.13			0	false	0	0		0	
2021-02-19 23:36:43	186	186.36	https://travis-ci.org/MCUdude/MightyCore/jobs/759683784	push		false	master	2e988f959a80ddcc65c0105e0e89bf353052916b	640d21af5c6e...2e988f959a80	Bump version	/home/travis/Arduino/hardware/MightyCore/avr/libraries/EEPROM/examples/eeprom_update/eeprom_update.ino	MightyCore:avr:32:pinout=sanguino,BOD=disabled,LTO=Os,clock=12MHz_external	1.6.13			0	false	0	0		0	
2021-02-19 23:36:48	186	186.36	https://travis-ci.org/MCUdude/MightyCore/jobs/759683784	push		false	master	2e988f959a80ddcc65c0105e0e89bf353052916b	640d21af5c6e...2e988f959a80	Bump version	/home/travis/Arduino/hardware/MightyCore/avr/libraries/EEPROM/examples/eeprom_put/eeprom_put.ino	MightyCore:avr:32:pinout=sanguino,BOD=disabled,LTO=Os,clock=12MHz_external	1.6.13			0	false	0	0		0	
2021-02-19 23:36:53	186	186.36	https://travis-ci.org/MCUdude/MightyCore/jobs/759683784	push		false	master	2e988f959a80ddcc65c0105e0e89bf353052916b	640d21af5c6e...2e988f959a80	Bump version	/home/travis/Arduino/hardware/MightyCore/avr/libraries/Optiboot_flasher/examples/SerialReadWrite/SerialReadWrite.ino	MightyCore:avr:32:pinout=sanguino,BOD=disabled,LTO=Os,clock=12MHz_external	1.6.13			0	false	0	0		0	
2021-02-19 23:36:58	186	186.36	https://travis-ci.org/MCUdude/MightyCore/jobs/759683784	push		false	master	2e988f959a80ddcc65c0105e0e89bf353052916b	640d21af5c6e...2e988f959a80	Bump version	/home/travis/Arduino/hardware/MightyCore/avr/libraries/Timer/examples/Events/Events.ino	MightyCore:avr:32:pinout=sanguino,BOD=disabled,LTO=Os,clock=12MHz_external	1.6.13			0	false	0	0		0	
2021-02-19 23:37:03	186	186.36	https://travis-ci.org/MCUdude/MightyCore/jobs/759683784	push		false	master	2e988f959a80ddcc65c0105e0e89bf353052916b	640d21af5c6e...2e988f959a80	Bump version	/home/travis/Arduino/hardware/MightyCore/avr/libraries/Timer/examples/Pin_high_10_minutes/Pin_high_10_minutes.ino	MightyCore:avr:32:pinout=sanguino,BOD=disabled,LTO=Os,clock=12MHz_external	1.6.13			0	false	0	0		0	
2021-02-19 23:37:07	186	186.36	https://travis-ci.org/MCUdude/MightyCore/jobs/759683784	push		false	master	2e988f959a80ddcc65c0105e0e89bf353052916b	640d21af5c6e...2e988f959a80	Bump version	/home/travis/Arduino/hardware/MightyCore/avr/libraries/Timer/examples/Multitasking/Multitasking.ino	MightyCore:avr:32:pinout=sanguino,BOD=disabled,LTO=Os,clock=12MHz_external	1.6.13			0	false	0	0		0	
2021-02-19 23:37:12	186	186.36	https://travis-ci.org/MCUdude/MightyCore/jobs/759683784	push		false	master	2e988f959a80ddcc65c0105e0e89bf353052916b	640d21af5c6e...2e988f959a80	Bump version	/home/travis/Arduino/hardware/MightyCore/avr/libraries/Timer/examples/TimerTest/TimerTest.ino	MightyCore:avr:32:pinout=sanguino,BOD=disabled,LTO=Os,clock=12MHz_external	1.6.13			0	false	0	0		0	
2021-02-19 23:37:17	186	186.36	https://travis-ci.org/MCUdude/MightyCore/jobs/759683784	push		false	master	2e988f959a80ddcc65c0105e0e89bf353052916b	640d21af5c6e...2e988f959a80	Bump version	/home/travis/Arduino/hardware/MightyCore/avr/libraries/SPI/examples/BarometricPressureSensor/BarometricPressureSensor.ino	MightyCore:avr:32:pinout=sanguino,BOD=disabled,LTO=Os,clock=12MHz_external	1.6.13			1	false	0	0		0	
2021-02-19 23:37:22	186	186.36	https://travis-ci.org/MCUdude/MightyCore/jobs/759683784	push		false	master	2e988f959a80ddcc65c0105e0e89bf353052916b	640d21af5c6e...2e988f959a80	Bump version	/home/travis/Arduino/hardware/MightyCore/avr/libraries/SPI/examples/DigitalPotControl/DigitalPotControl.ino	MightyCore:avr:32:pinout=sanguino,BOD=disabled,LTO=Os,clock=12MHz_external	1.6.13			0	false	0	0		0	
2021-02-19 23:37:27	186	186.36	https://travis-ci.org/MCUdude/MightyCore/jobs/759683784	push		false	master	2e988f959a80ddcc65c0105e0e89bf353052916b	640d21af5c6e...2e988f959a80	Bump version	/home/travis/Arduino/hardware/MightyCore/avr/libraries/Wire/examples/i2c_scanner/i2c_scanner.ino	MightyCore:avr:32:pinout=sanguino,BOD=disabled,LTO=Os,clock=12MHz_external	1.6.13			0	false	0	0		0	
2021-02-19 23:37:32	186	186.36	https://travis-ci.org/MCUdude/MightyCore/jobs/759683784	push		false	master	2e988f959a80ddcc65c0105e0e89bf353052916b	640d21af5c6e...2e988f959a80	Bump version	/home/travis/Arduino/hardware/MightyCore/avr/libraries/Wire/examples/SFRRanger_reader/SFRRanger_reader.ino	MightyCore:avr:32:pinout=sanguino,BOD=disabled,LTO=Os,clock=12MHz_external	1.6.13			0	false	0	0		0	
2021-02-19 23:37:37	186	186.36	https://travis-ci.org/MCUdude/MightyCore/jobs/759683784	push		false	master	2e988f959a80ddcc65c0105e0e89bf353052916b	640d21af5c6e...2e988f959a80	Bump version	/home/travis/Arduino/hardware/MightyCore/avr/libraries/Wire/examples/master_writer/master_writer.ino	MightyCore:avr:32:pinout=sanguino,BOD=disabled,LTO=Os,clock=12MHz_external	1.6.13			0	false	0	0		0	
2021-02-19 23:37:41	186	186.36	https://travis-ci.org/MCUdude/MightyCore/jobs/759683784	push		false	master	2e988f959a80ddcc65c0105e0e89bf353052916b	640d21af5c6e...2e988f959a80	Bump version	/home/travis/Arduino/hardware/MightyCore/avr/libraries/Wire/examples/digital_potentiometer/digital_potentiometer.ino	MightyCore:avr:32:pinout=sanguino,BOD=disabled,LTO=Os,clock=12MHz_external	1.6.13			0	false	0	0		0	
2021-02-19 23:37:46	186	186.36	https://travis-ci.org/MCUdude/MightyCore/jobs/759683784	push		false	master	2e988f959a80ddcc65c0105e0e89bf353052916b	640d21af5c6e...2e988f959a80	Bump version	/home/travis/Arduino/hardware/MightyCore/avr/libraries/Wire/examples/slave_receiver/slave_receiver.ino	MightyCore:avr:32:pinout=sanguino,BOD=disabled,LTO=Os,clock=12MHz_external	1.6.13			0	false	0	0		0	
2021-02-19 23:37:51	186	186.36	https://travis-ci.org/MCUdude/MightyCore/jobs/759683784	push		false	master	2e988f959a80ddcc65c0105e0e89bf353052916b	640d21af5c6e...2e988f959a80	Bump version	/home/travis/Arduino/hardware/MightyCore/avr/libraries/Wire/examples/master_reader/master_reader.ino	MightyCore:avr:32:pinout=sanguino,BOD=disabled,LTO=Os,clock=12MHz_external	1.6.13			0	false	0	0		0	
2021-02-19 23:37:56	186	186.36	https://travis-ci.org/MCUdude/MightyCore/jobs/759683784	push		false	master	2e988f959a80ddcc65c0105e0e89bf353052916b	640d21af5c6e...2e988f959a80	Bump version	/home/travis/Arduino/hardware/MightyCore/avr/libraries/Wire/examples/slave_sender/slave_sender.ino	MightyCore:avr:32:pinout=sanguino,BOD=disabled,LTO=Os,clock=12MHz_external	1.6.13			0	false	0	0		0	
2021-02-19 23:38:01	186	186.36	https://travis-ci.org/MCUdude/MightyCore/jobs/759683784	push		false	master	2e988f959a80ddcc65c0105e0e89bf353052916b	640d21af5c6e...2e988f959a80	Bump version	/home/travis/Arduino/hardware/MightyCore/avr/libraries/AVR_examples/examples/Blink_using_Timer0/Blink_using_Timer0.ino	MightyCore:avr:32:pinout=sanguino,BOD=disabled,LTO=Os,clock=12MHz_external	1.8.0			0	false	0	0		0	
2021-02-19 23:38:05	186	186.36	https://travis-ci.org/MCUdude/MightyCore/jobs/759683784	push		false	master	2e988f959a80ddcc65c0105e0e89bf353052916b	640d21af5c6e...2e988f959a80	Bump version	/home/travis/Arduino/hardware/MightyCore/avr/libraries/AVR_examples/examples/Read_port_write_port/Read_port_write_port.ino	MightyCore:avr:32:pinout=sanguino,BOD=disabled,LTO=Os,clock=12MHz_external	1.8.0			0	false	0	0		0	
2021-02-19 23:38:07	186	186.36	https://travis-ci.org/MCUdude/MightyCore/jobs/759683784	push		false	master	2e988f959a80ddcc65c0105e0e89bf353052916b	640d21af5c6e...2e988f959a80	Bump version	/home/travis/Arduino/hardware/MightyCore/avr/libraries/AVR_examples/examples/Measure_period_length/Measure_period_length.ino	MightyCore:avr:32:pinout=sanguino,BOD=disabled,LTO=Os,clock=12MHz_external	1.8.0			0	false	0	0		0	
2021-02-19 23:38:10	186	186.36	https://travis-ci.org/MCUdude/MightyCore/jobs/759683784	push		false	master	2e988f959a80ddcc65c0105e0e89bf353052916b	640d21af5c6e...2e988f959a80	Bump version	/home/travis/Arduino/hardware/MightyCore/avr/libraries/AVR_examples/examples/Watch_dog_timer/Watch_dog_timer.ino	MightyCore:avr:32:pinout=sanguino,BOD=disabled,LTO=Os,clock=12MHz_external	1.8.0			0	false	0	0		0	
2021-02-19 23:38:13	186	186.36	https://travis-ci.org/MCUdude/MightyCore/jobs/759683784	push		false	master	2e988f959a80ddcc65c0105e0e89bf353052916b	640d21af5c6e...2e988f959a80	Bump version	/home/travis/Arduino/hardware/MightyCore/avr/libraries/AVR_examples/examples/Blink/Blink.ino	MightyCore:avr:32:pinout=sanguino,BOD=disabled,LTO=Os,clock=12MHz_external	1.8.0			0	false	0	0		0	
2021-02-19 23:38:18	186	186.36	https://travis-ci.org/MCUdude/MightyCore/jobs/759683784	push		false	master	2e988f959a80ddcc65c0105e0e89bf353052916b	640d21af5c6e...2e988f959a80	Bump version	/home/travis/Arduino/hardware/MightyCore/avr/libraries/SD/examples/Datalogger/Datalogger.ino	MightyCore:avr:32:pinout=sanguino,BOD=disabled,LTO=Os,clock=12MHz_external	1.8.0			0	false	0	0		0	
2021-02-19 23:38:21	186	186.36	https://travis-ci.org/MCUdude/MightyCore/jobs/759683784	push		false	master	2e988f959a80ddcc65c0105e0e89bf353052916b	640d21af5c6e...2e988f959a80	Bump version	/home/travis/Arduino/hardware/MightyCore/avr/libraries/SD/examples/CardInfo/CardInfo.ino	MightyCore:avr:32:pinout=sanguino,BOD=disabled,LTO=Os,clock=12MHz_external	1.8.0			0	false	0	0		0	
2021-02-19 23:38:26	186	186.36	https://travis-ci.org/MCUdude/MightyCore/jobs/759683784	push		false	master	2e988f959a80ddcc65c0105e0e89bf353052916b	640d21af5c6e...2e988f959a80	Bump version	/home/travis/Arduino/hardware/MightyCore/avr/libraries/SD/examples/ReadWrite/ReadWrite.ino	MightyCore:avr:32:pinout=sanguino,BOD=disabled,LTO=Os,clock=12MHz_external	1.8.0			0	false	0	0		0	
2021-02-19 23:38:30	186	186.36	https://travis-ci.org/MCUdude/MightyCore/jobs/759683784	push		false	master	2e988f959a80ddcc65c0105e0e89bf353052916b	640d21af5c6e...2e988f959a80	Bump version	/home/travis/Arduino/hardware/MightyCore/avr/libraries/SD/examples/listfiles/listfiles.ino	MightyCore:avr:32:pinout=sanguino,BOD=disabled,LTO=Os,clock=12MHz_external	1.8.0			0	false	0	0		0	
2021-02-19 23:38:34	186	186.36	https://travis-ci.org/MCUdude/MightyCore/jobs/759683784	push		false	master	2e988f959a80ddcc65c0105e0e89bf353052916b	640d21af5c6e...2e988f959a80	Bump version	/home/travis/Arduino/hardware/MightyCore/avr/libraries/SD/examples/DumpFile/DumpFile.ino	MightyCore:avr:32:pinout=sanguino,BOD=disabled,LTO=Os,clock=12MHz_external	1.8.0			0	false	0	0		0	
2021-02-19 23:38:38	186	186.36	https://travis-ci.org/MCUdude/MightyCore/jobs/759683784	push		false	master	2e988f959a80ddcc65c0105e0e89bf353052916b	640d21af5c6e...2e988f959a80	Bump version	/home/travis/Arduino/hardware/MightyCore/avr/libraries/SD/examples/Files/Files.ino	MightyCore:avr:32:pinout=sanguino,BOD=disabled,LTO=Os,clock=12MHz_external	1.8.0			0	false	0	0		0	
2021-02-19 23:38:41	186	186.36	https://travis-ci.org/MCUdude/MightyCore/jobs/759683784	push		false	master	2e988f959a80ddcc65c0105e0e89bf353052916b	640d21af5c6e...2e988f959a80	Bump version	/home/travis/Arduino/hardware/MightyCore/avr/libraries/SoftwareSerial/examples/SoftwareSerialExample/SoftwareSerialExample.ino	MightyCore:avr:32:pinout=sanguino,BOD=disabled,LTO=Os,clock=12MHz_external	1.8.0			0	false	0	0		0	
2021-02-19 23:38:44	186	186.36	https://travis-ci.org/MCUdude/MightyCore/jobs/759683784	push		false	master	2e988f959a80ddcc65c0105e0e89bf353052916b	640d21af5c6e...2e988f959a80	Bump version	/home/travis/Arduino/hardware/MightyCore/avr/libraries/SoftwareSerial/examples/TwoPortReceive/TwoPortReceive.ino	MightyCore:avr:32:pinout=sanguino,BOD=disabled,LTO=Os,clock=12MHz_external	1.8.0			0	false	0	0		0	
2021-02-19 23:38:47	186	186.36	https://travis-ci.org/MCUdude/MightyCore/jobs/759683784	push		false	master	2e988f959a80ddcc65c0105e0e89bf353052916b	640d21af5c6e...2e988f959a80	Bump version	/home/travis/Arduino/hardware/MightyCore/avr/libraries/Servo/examples/Knob/Knob.ino	MightyCore:avr:32:pinout=sanguino,BOD=disabled,LTO=Os,clock=12MHz_external	1.8.0			0	false	0	0		0	
2021-02-19 23:38:50	186	186.36	https://travis-ci.org/MCUdude/MightyCore/jobs/759683784	push		false	master	2e988f959a80ddcc65c0105e0e89bf353052916b	640d21af5c6e...2e988f959a80	Bump version	/home/travis/Arduino/hardware/MightyCore/avr/libraries/Servo/examples/Sweep/Sweep.ino	MightyCore:avr:32:pinout=sanguino,BOD=disabled,LTO=Os,clock=12MHz_external	1.8.0			0	false	0	0		0	
2021-02-19 23:38:53	186	186.36	https://travis-ci.org/MCUdude/MightyCore/jobs/759683784	push		false	master	2e988f959a80ddcc65c0105e0e89bf353052916b	640d21af5c6e...2e988f959a80	Bump version	/home/travis/Arduino/hardware/MightyCore/avr/libraries/EEPROM/examples/eeprom_get/eeprom_get.ino	MightyCore:avr:32:pinout=sanguino,BOD=disabled,LTO=Os,clock=12MHz_external	1.8.0			0	false	0	0		0	
2021-02-19 23:38:56	186	186.36	https://travis-ci.org/MCUdude/MightyCore/jobs/759683784	push		false	master	2e988f959a80ddcc65c0105e0e89bf353052916b	640d21af5c6e...2e988f959a80	Bump version	/home/travis/Arduino/hardware/MightyCore/avr/libraries/EEPROM/examples/eeprom_crc/eeprom_crc.ino	MightyCore:avr:32:pinout=sanguino,BOD=disabled,LTO=Os,clock=12MHz_external	1.8.0			0	false	0	0		0	
2021-02-19 23:38:59	186	186.36	https://travis-ci.org/MCUdude/MightyCore/jobs/759683784	push		false	master	2e988f959a80ddcc65c0105e0e89bf353052916b	640d21af5c6e...2e988f959a80	Bump version	/home/travis/Arduino/hardware/MightyCore/avr/libraries/EEPROM/examples/eeprom_read/eeprom_read.ino	MightyCore:avr:32:pinout=sanguino,BOD=disabled,LTO=Os,clock=12MHz_external	1.8.0			0	false	0	0		0	
2021-02-19 23:39:02	186	186.36	https://travis-ci.org/MCUdude/MightyCore/jobs/759683784	push		false	master	2e988f959a80ddcc65c0105e0e89bf353052916b	640d21af5c6e...2e988f959a80	Bump version	/home/travis/Arduino/hardware/MightyCore/avr/libraries/EEPROM/examples/eeprom_clear/eeprom_clear.ino	MightyCore:avr:32:pinout=sanguino,BOD=disabled,LTO=Os,clock=12MHz_external	1.8.0			0	false	0	0		0	
2021-02-19 23:39:05	186	186.36	https://travis-ci.org/MCUdude/MightyCore/jobs/759683784	push		false	master	2e988f959a80ddcc65c0105e0e89bf353052916b	640d21af5c6e...2e988f959a80	Bump version	/home/travis/Arduino/hardware/MightyCore/avr/libraries/EEPROM/examples/eeprom_write/eeprom_write.ino	MightyCore:avr:32:pinout=sanguino,BOD=disabled,LTO=Os,clock=12MHz_external	1.8.0			0	false	0	0		0	
2021-02-19 23:39:08	186	186.36	https://travis-ci.org/MCUdude/MightyCore/jobs/759683784	push		false	master	2e988f959a80ddcc65c0105e0e89bf353052916b	640d21af5c6e...2e988f959a80	Bump version	/home/travis/Arduino/hardware/MightyCore/avr/libraries/EEPROM/examples/eeprom_iteration/eeprom_iteration.ino	MightyCore:avr:32:pinout=sanguino,BOD=disabled,LTO=Os,clock=12MHz_external	1.8.0			0	false	0	0		0	
2021-02-19 23:39:12	186	186.36	https://travis-ci.org/MCUdude/MightyCore/jobs/759683784	push		false	master	2e988f959a80ddcc65c0105e0e89bf353052916b	640d21af5c6e...2e988f959a80	Bump version	/home/travis/Arduino/hardware/MightyCore/avr/libraries/EEPROM/examples/eeprom_update/eeprom_update.ino	MightyCore:avr:32:pinout=sanguino,BOD=disabled,LTO=Os,clock=12MHz_external	1.8.0			0	false	0	0		0	
2021-02-19 23:39:15	186	186.36	https://travis-ci.org/MCUdude/MightyCore/jobs/759683784	push		false	master	2e988f959a80ddcc65c0105e0e89bf353052916b	640d21af5c6e...2e988f959a80	Bump version	/home/travis/Arduino/hardware/MightyCore/avr/libraries/EEPROM/examples/eeprom_put/eeprom_put.ino	MightyCore:avr:32:pinout=sanguino,BOD=disabled,LTO=Os,clock=12MHz_external	1.8.0			0	false	0	0		0	
2021-02-19 23:39:18	186	186.36	https://travis-ci.org/MCUdude/MightyCore/jobs/759683784	push		false	master	2e988f959a80ddcc65c0105e0e89bf353052916b	640d21af5c6e...2e988f959a80	Bump version	/home/travis/Arduino/hardware/MightyCore/avr/libraries/Optiboot_flasher/examples/SerialReadWrite/SerialReadWrite.ino	MightyCore:avr:32:pinout=sanguino,BOD=disabled,LTO=Os,clock=12MHz_external	1.8.0			0	false	0	0		0	
2021-02-19 23:39:21	186	186.36	https://travis-ci.org/MCUdude/MightyCore/jobs/759683784	push		false	master	2e988f959a80ddcc65c0105e0e89bf353052916b	640d21af5c6e...2e988f959a80	Bump version	/home/travis/Arduino/hardware/MightyCore/avr/libraries/Timer/examples/Events/Events.ino	MightyCore:avr:32:pinout=sanguino,BOD=disabled,LTO=Os,clock=12MHz_external	1.8.0			0	false	0	0		0	
2021-02-19 23:39:24	186	186.36	https://travis-ci.org/MCUdude/MightyCore/jobs/759683784	push		false	master	2e988f959a80ddcc65c0105e0e89bf353052916b	640d21af5c6e...2e988f959a80	Bump version	/home/travis/Arduino/hardware/MightyCore/avr/libraries/Timer/examples/Pin_high_10_minutes/Pin_high_10_minutes.ino	MightyCore:avr:32:pinout=sanguino,BOD=disabled,LTO=Os,clock=12MHz_external	1.8.0			0	false	0	0		0	
2021-02-19 23:39:27	186	186.36	https://travis-ci.org/MCUdude/MightyCore/jobs/759683784	push		false	master	2e988f959a80ddcc65c0105e0e89bf353052916b	640d21af5c6e...2e988f959a80	Bump version	/home/travis/Arduino/hardware/MightyCore/avr/libraries/Timer/examples/Multitasking/Multitasking.ino	MightyCore:avr:32:pinout=sanguino,BOD=disabled,LTO=Os,clock=12MHz_external	1.8.0			0	false	0	0		0	
2021-02-19 23:39:31	186	186.36	https://travis-ci.org/MCUdude/MightyCore/jobs/759683784	push		false	master	2e988f959a80ddcc65c0105e0e89bf353052916b	640d21af5c6e...2e988f959a80	Bump version	/home/travis/Arduino/hardware/MightyCore/avr/libraries/Timer/examples/TimerTest/TimerTest.ino	MightyCore:avr:32:pinout=sanguino,BOD=disabled,LTO=Os,clock=12MHz_external	1.8.0			0	false	0	0		0	
2021-02-19 23:39:34	186	186.36	https://travis-ci.org/MCUdude/MightyCore/jobs/759683784	push		false	master	2e988f959a80ddcc65c0105e0e89bf353052916b	640d21af5c6e...2e988f959a80	Bump version	/home/travis/Arduino/hardware/MightyCore/avr/libraries/SPI/examples/BarometricPressureSensor/BarometricPressureSensor.ino	MightyCore:avr:32:pinout=sanguino,BOD=disabled,LTO=Os,clock=12MHz_external	1.8.0			1	false	0	0		0	
2021-02-19 23:39:37	186	186.36	https://travis-ci.org/MCUdude/MightyCore/jobs/759683784	push		false	master	2e988f959a80ddcc65c0105e0e89bf353052916b	640d21af5c6e...2e988f959a80	Bump version	/home/travis/Arduino/hardware/MightyCore/avr/libraries/SPI/examples/DigitalPotControl/DigitalPotControl.ino	MightyCore:avr:32:pinout=sanguino,BOD=disabled,LTO=Os,clock=12MHz_external	1.8.0			0	false	0	0		0	
2021-02-19 23:39:40	186	186.36	https://travis-ci.org/MCUdude/MightyCore/jobs/759683784	push		false	master	2e988f959a80ddcc65c0105e0e89bf353052916b	640d21af5c6e...2e988f959a80	Bump version	/home/travis/Arduino/hardware/MightyCore/avr/libraries/Wire/examples/i2c_scanner/i2c_scanner.ino	MightyCore:avr:32:pinout=sanguino,BOD=disabled,LTO=Os,clock=12MHz_external	1.8.0			0	false	0	0		0	
2021-02-19 23:39:44	186	186.36	https://travis-ci.org/MCUdude/MightyCore/jobs/759683784	push		false	master	2e988f959a80ddcc65c0105e0e89bf353052916b	640d21af5c6e...2e988f959a80	Bump version	/home/travis/Arduino/hardware/MightyCore/avr/libraries/Wire/examples/SFRRanger_reader/SFRRanger_reader.ino	MightyCore:avr:32:pinout=sanguino,BOD=disabled,LTO=Os,clock=12MHz_external	1.8.0			0	false	0	0		0	
2021-02-19 23:39:47	186	186.36	https://travis-ci.org/MCUdude/MightyCore/jobs/759683784	push		false	master	2e988f959a80ddcc65c0105e0e89bf353052916b	640d21af5c6e...2e988f959a80	Bump version	/home/travis/Arduino/hardware/MightyCore/avr/libraries/Wire/examples/master_writer/master_writer.ino	MightyCore:avr:32:pinout=sanguino,BOD=disabled,LTO=Os,clock=12MHz_external	1.8.0			0	false	0	0		0	
2021-02-19 23:39:50	186	186.36	https://travis-ci.org/MCUdude/MightyCore/jobs/759683784	push		false	master	2e988f959a80ddcc65c0105e0e89bf353052916b	640d21af5c6e...2e988f959a80	Bump version	/home/travis/Arduino/hardware/MightyCore/avr/libraries/Wire/examples/digital_potentiometer/digital_potentiometer.ino	MightyCore:avr:32:pinout=sanguino,BOD=disabled,LTO=Os,clock=12MHz_external	1.8.0			0	false	0	0		0	
2021-02-19 23:39:53	186	186.36	https://travis-ci.org/MCUdude/MightyCore/jobs/759683784	push		false	master	2e988f959a80ddcc65c0105e0e89bf353052916b	640d21af5c6e...2e988f959a80	Bump version	/home/travis/Arduino/hardware/MightyCore/avr/libraries/Wire/examples/slave_receiver/slave_receiver.ino	MightyCore:avr:32:pinout=sanguino,BOD=disabled,LTO=Os,clock=12MHz_external	1.8.0			0	false	0	0		0	
2021-02-19 23:39:56	186	186.36	https://travis-ci.org/MCUdude/MightyCore/jobs/759683784	push		false	master	2e988f959a80ddcc65c0105e0e89bf353052916b	640d21af5c6e...2e988f959a80	Bump version	/home/travis/Arduino/hardware/MightyCore/avr/libraries/Wire/examples/master_reader/master_reader.ino	MightyCore:avr:32:pinout=sanguino,BOD=disabled,LTO=Os,clock=12MHz_external	1.8.0			0	false	0	0		0	
2021-02-19 23:40:00	186	186.36	https://travis-ci.org/MCUdude/MightyCore/jobs/759683784	push		false	master	2e988f959a80ddcc65c0105e0e89bf353052916b	640d21af5c6e...2e988f959a80	Bump version	/home/travis/Arduino/hardware/MightyCore/avr/libraries/Wire/examples/slave_sender/slave_sender.ino	MightyCore:avr:32:pinout=sanguino,BOD=disabled,LTO=Os,clock=12MHz_external	1.8.0			0	false	0	0		0	
2021-02-19 23:40:05	186	186.36	https://travis-ci.org/MCUdude/MightyCore/jobs/759683784	push		false	master	2e988f959a80ddcc65c0105e0e89bf353052916b	640d21af5c6e...2e988f959a80	Bump version	/home/travis/Arduino/hardware/MightyCore/avr/libraries/AVR_examples/examples/Blink_using_Timer0/Blink_using_Timer0.ino	MightyCore:avr:32:pinout=sanguino,BOD=disabled,LTO=Os,clock=12MHz_external	1.8.5			0	false	0	0		0	
2021-02-19 23:40:08	186	186.36	https://travis-ci.org/MCUdude/MightyCore/jobs/759683784	push		false	master	2e988f959a80ddcc65c0105e0e89bf353052916b	640d21af5c6e...2e988f959a80	Bump version	/home/travis/Arduino/hardware/MightyCore/avr/libraries/AVR_examples/examples/Read_port_write_port/Read_port_write_port.ino	MightyCore:avr:32:pinout=sanguino,BOD=disabled,LTO=Os,clock=12MHz_external	1.8.5			0	false	0	0		0	
2021-02-19 23:40:11	186	186.36	https://travis-ci.org/MCUdude/MightyCore/jobs/759683784	push		false	master	2e988f959a80ddcc65c0105e0e89bf353052916b	640d21af5c6e...2e988f959a80	Bump version	/home/travis/Arduino/hardware/MightyCore/avr/libraries/AVR_examples/examples/Measure_period_length/Measure_period_length.ino	MightyCore:avr:32:pinout=sanguino,BOD=disabled,LTO=Os,clock=12MHz_external	1.8.5			0	false	0	0		0	
2021-02-19 23:40:14	186	186.36	https://travis-ci.org/MCUdude/MightyCore/jobs/759683784	push		false	master	2e988f959a80ddcc65c0105e0e89bf353052916b	640d21af5c6e...2e988f959a80	Bump version	/home/travis/Arduino/hardware/MightyCore/avr/libraries/AVR_examples/examples/Watch_dog_timer/Watch_dog_timer.ino	MightyCore:avr:32:pinout=sanguino,BOD=disabled,LTO=Os,clock=12MHz_external	1.8.5			0	false	0	0		0	
2021-02-19 23:40:17	186	186.36	https://travis-ci.org/MCUdude/MightyCore/jobs/759683784	push		false	master	2e988f959a80ddcc65c0105e0e89bf353052916b	640d21af5c6e...2e988f959a80	Bump version	/home/travis/Arduino/hardware/MightyCore/avr/libraries/AVR_examples/examples/Blink/Blink.ino	MightyCore:avr:32:pinout=sanguino,BOD=disabled,LTO=Os,clock=12MHz_external	1.8.5			0	false	0	0		0	
2021-02-19 23:40:21	186	186.36	https://travis-ci.org/MCUdude/MightyCore/jobs/759683784	push		false	master	2e988f959a80ddcc65c0105e0e89bf353052916b	640d21af5c6e...2e988f959a80	Bump version	/home/travis/Arduino/hardware/MightyCore/avr/libraries/SD/examples/Datalogger/Datalogger.ino	MightyCore:avr:32:pinout=sanguino,BOD=disabled,LTO=Os,clock=12MHz_external	1.8.5			0	false	0	0		0	
2021-02-19 23:40:25	186	186.36	https://travis-ci.org/MCUdude/MightyCore/jobs/759683784	push		false	master	2e988f959a80ddcc65c0105e0e89bf353052916b	640d21af5c6e...2e988f959a80	Bump version	/home/travis/Arduino/hardware/MightyCore/avr/libraries/SD/examples/CardInfo/CardInfo.ino	MightyCore:avr:32:pinout=sanguino,BOD=disabled,LTO=Os,clock=12MHz_external	1.8.5			0	false	0	0		0	
2021-02-19 23:40:29	186	186.36	https://travis-ci.org/MCUdude/MightyCore/jobs/759683784	push		false	master	2e988f959a80ddcc65c0105e0e89bf353052916b	640d21af5c6e...2e988f959a80	Bump version	/home/travis/Arduino/hardware/MightyCore/avr/libraries/SD/examples/ReadWrite/ReadWrite.ino	MightyCore:avr:32:pinout=sanguino,BOD=disabled,LTO=Os,clock=12MHz_external	1.8.5			0	false	0	0		0	
2021-02-19 23:40:33	186	186.36	https://travis-ci.org/MCUdude/MightyCore/jobs/759683784	push		false	master	2e988f959a80ddcc65c0105e0e89bf353052916b	640d21af5c6e...2e988f959a80	Bump version	/home/travis/Arduino/hardware/MightyCore/avr/libraries/SD/examples/listfiles/listfiles.ino	MightyCore:avr:32:pinout=sanguino,BOD=disabled,LTO=Os,clock=12MHz_external	1.8.5			0	false	0	0		0	
2021-02-19 23:40:37	186	186.36	https://travis-ci.org/MCUdude/MightyCore/jobs/759683784	push		false	master	2e988f959a80ddcc65c0105e0e89bf353052916b	640d21af5c6e...2e988f959a80	Bump version	/home/travis/Arduino/hardware/MightyCore/avr/libraries/SD/examples/DumpFile/DumpFile.ino	MightyCore:avr:32:pinout=sanguino,BOD=disabled,LTO=Os,clock=12MHz_external	1.8.5			0	false	0	0		0	
2021-02-19 23:40:41	186	186.36	https://travis-ci.org/MCUdude/MightyCore/jobs/759683784	push		false	master	2e988f959a80ddcc65c0105e0e89bf353052916b	640d21af5c6e...2e988f959a80	Bump version	/home/travis/Arduino/hardware/MightyCore/avr/libraries/SD/examples/Files/Files.ino	MightyCore:avr:32:pinout=sanguino,BOD=disabled,LTO=Os,clock=12MHz_external	1.8.5			0	false	0	0		0	
2021-02-19 23:40:44	186	186.36	https://travis-ci.org/MCUdude/MightyCore/jobs/759683784	push		false	master	2e988f959a80ddcc65c0105e0e89bf353052916b	640d21af5c6e...2e988f959a80	Bump version	/home/travis/Arduino/hardware/MightyCore/avr/libraries/SoftwareSerial/examples/SoftwareSerialExample/SoftwareSerialExample.ino	MightyCore:avr:32:pinout=sanguino,BOD=disabled,LTO=Os,clock=12MHz_external	1.8.5			0	false	0	0		0	
2021-02-19 23:40:48	186	186.36	https://travis-ci.org/MCUdude/MightyCore/jobs/759683784	push		false	master	2e988f959a80ddcc65c0105e0e89bf353052916b	640d21af5c6e...2e988f959a80	Bump version	/home/travis/Arduino/hardware/MightyCore/avr/libraries/SoftwareSerial/examples/TwoPortReceive/TwoPortReceive.ino	MightyCore:avr:32:pinout=sanguino,BOD=disabled,LTO=Os,clock=12MHz_external	1.8.5			0	false	0	0		0	
2021-02-19 23:40:51	186	186.36	https://travis-ci.org/MCUdude/MightyCore/jobs/759683784	push		false	master	2e988f959a80ddcc65c0105e0e89bf353052916b	640d21af5c6e...2e988f959a80	Bump version	/home/travis/Arduino/hardware/MightyCore/avr/libraries/Servo/examples/Knob/Knob.ino	MightyCore:avr:32:pinout=sanguino,BOD=disabled,LTO=Os,clock=12MHz_external	1.8.5			0	false	0	0		0	
2021-02-19 23:40:54	186	186.36	https://travis-ci.org/MCUdude/MightyCore/jobs/759683784	push		false	master	2e988f959a80ddcc65c0105e0e89bf353052916b	640d21af5c6e...2e988f959a80	Bump version	/home/travis/Arduino/hardware/MightyCore/avr/libraries/Servo/examples/Sweep/Sweep.ino	MightyCore:avr:32:pinout=sanguino,BOD=disabled,LTO=Os,clock=12MHz_external	1.8.5			0	false	0	0		0	
2021-02-19 23:40:57	186	186.36	https://travis-ci.org/MCUdude/MightyCore/jobs/759683784	push		false	master	2e988f959a80ddcc65c0105e0e89bf353052916b	640d21af5c6e...2e988f959a80	Bump version	/home/travis/Arduino/hardware/MightyCore/avr/libraries/EEPROM/examples/eeprom_get/eeprom_get.ino	MightyCore:avr:32:pinout=sanguino,BOD=disabled,LTO=Os,clock=12MHz_external	1.8.5			0	false	0	0		0	
2021-02-19 23:41:00	186	186.36	https://travis-ci.org/MCUdude/MightyCore/jobs/759683784	push		false	master	2e988f959a80ddcc65c0105e0e89bf353052916b	640d21af5c6e...2e988f959a80	Bump version	/home/travis/Arduino/hardware/MightyCore/avr/libraries/EEPROM/examples/eeprom_crc/eeprom_crc.ino	MightyCore:avr:32:pinout=sanguino,BOD=disabled,LTO=Os,clock=12MHz_external	1.8.5			0	false	0	0		0	
2021-02-19 23:41:03	186	186.36	https://travis-ci.org/MCUdude/MightyCore/jobs/759683784	push		false	master	2e988f959a80ddcc65c0105e0e89bf353052916b	640d21af5c6e...2e988f959a80	Bump version	/home/travis/Arduino/hardware/MightyCore/avr/libraries/EEPROM/examples/eeprom_read/eeprom_read.ino	MightyCore:avr:32:pinout=sanguino,BOD=disabled,LTO=Os,clock=12MHz_external	1.8.5			0	false	0	0		0	
2021-02-19 23:41:06	186	186.36	https://travis-ci.org/MCUdude/MightyCore/jobs/759683784	push		false	master	2e988f959a80ddcc65c0105e0e89bf353052916b	640d21af5c6e...2e988f959a80	Bump version	/home/travis/Arduino/hardware/MightyCore/avr/libraries/EEPROM/examples/eeprom_clear/eeprom_clear.ino	MightyCore:avr:32:pinout=sanguino,BOD=disabled,LTO=Os,clock=12MHz_external	1.8.5			0	false	0	0		0	
2021-02-19 23:41:09	186	186.36	https://travis-ci.org/MCUdude/MightyCore/jobs/759683784	push		false	master	2e988f959a80ddcc65c0105e0e89bf353052916b	640d21af5c6e...2e988f959a80	Bump version	/home/travis/Arduino/hardware/MightyCore/avr/libraries/EEPROM/examples/eeprom_write/eeprom_write.ino	MightyCore:avr:32:pinout=sanguino,BOD=disabled,LTO=Os,clock=12MHz_external	1.8.5			0	false	0	0		0	
2021-02-19 23:41:13	186	186.36	https://travis-ci.org/MCUdude/MightyCore/jobs/759683784	push		false	master	2e988f959a80ddcc65c0105e0e89bf353052916b	640d21af5c6e...2e988f959a80	Bump version	/home/travis/Arduino/hardware/MightyCore/avr/libraries/EEPROM/examples/eeprom_iteration/eeprom_iteration.ino	MightyCore:avr:32:pinout=sanguino,BOD=disabled,LTO=Os,clock=12MHz_external	1.8.5			0	false	0	0		0	
2021-02-19 23:41:16	186	186.36	https://travis-ci.org/MCUdude/MightyCore/jobs/759683784	push		false	master	2e988f959a80ddcc65c0105e0e89bf353052916b	640d21af5c6e...2e988f959a80	Bump version	/home/travis/Arduino/hardware/MightyCore/avr/libraries/EEPROM/examples/eeprom_update/eeprom_update.ino	MightyCore:avr:32:pinout=sanguino,BOD=disabled,LTO=Os,clock=12MHz_external	1.8.5			0	false	0	0		0	
2021-02-19 23:41:19	186	186.36	https://travis-ci.org/MCUdude/MightyCore/jobs/759683784	push		false	master	2e988f959a80ddcc65c0105e0e89bf353052916b	640d21af5c6e...2e988f959a80	Bump version	/home/travis/Arduino/hardware/MightyCore/avr/libraries/EEPROM/examples/eeprom_put/eeprom_put.ino	MightyCore:avr:32:pinout=sanguino,BOD=disabled,LTO=Os,clock=12MHz_external	1.8.5			0	false	0	0		0	
2021-02-19 23:41:22	186	186.36	https://travis-ci.org/MCUdude/MightyCore/jobs/759683784	push		false	master	2e988f959a80ddcc65c0105e0e89bf353052916b	640d21af5c6e...2e988f959a80	Bump version	/home/travis/Arduino/hardware/MightyCore/avr/libraries/Optiboot_flasher/examples/SerialReadWrite/SerialReadWrite.ino	MightyCore:avr:32:pinout=sanguino,BOD=disabled,LTO=Os,clock=12MHz_external	1.8.5			0	false	0	0		0	
2021-02-19 23:41:25	186	186.36	https://travis-ci.org/MCUdude/MightyCore/jobs/759683784	push		false	master	2e988f959a80ddcc65c0105e0e89bf353052916b	640d21af5c6e...2e988f959a80	Bump version	/home/travis/Arduino/hardware/MightyCore/avr/libraries/Timer/examples/Events/Events.ino	MightyCore:avr:32:pinout=sanguino,BOD=disabled,LTO=Os,clock=12MHz_external	1.8.5			0	false	0	0		0	
2021-02-19 23:41:29	186	186.36	https://travis-ci.org/MCUdude/MightyCore/jobs/759683784	push		false	master	2e988f959a80ddcc65c0105e0e89bf353052916b	640d21af5c6e...2e988f959a80	Bump version	/home/travis/Arduino/hardware/MightyCore/avr/libraries/Timer/examples/Pin_high_10_minutes/Pin_high_10_minutes.ino	MightyCore:avr:32:pinout=sanguino,BOD=disabled,LTO=Os,clock=12MHz_external	1.8.5			0	false	0	0		0	
2021-02-19 23:41:32	186	186.36	https://travis-ci.org/MCUdude/MightyCore/jobs/759683784	push		false	master	2e988f959a80ddcc65c0105e0e89bf353052916b	640d21af5c6e...2e988f959a80	Bump version	/home/travis/Arduino/hardware/MightyCore/avr/libraries/Timer/examples/Multitasking/Multitasking.ino	MightyCore:avr:32:pinout=sanguino,BOD=disabled,LTO=Os,clock=12MHz_external	1.8.5			0	false	0	0		0	
2021-02-19 23:41:35	186	186.36	https://travis-ci.org/MCUdude/MightyCore/jobs/759683784	push		false	master	2e988f959a80ddcc65c0105e0e89bf353052916b	640d21af5c6e...2e988f959a80	Bump version	/home/travis/Arduino/hardware/MightyCore/avr/libraries/Timer/examples/TimerTest/TimerTest.ino	MightyCore:avr:32:pinout=sanguino,BOD=disabled,LTO=Os,clock=12MHz_external	1.8.5			0	false	0	0		0	
2021-02-19 23:41:38	186	186.36	https://travis-ci.org/MCUdude/MightyCore/jobs/759683784	push		false	master	2e988f959a80ddcc65c0105e0e89bf353052916b	640d21af5c6e...2e988f959a80	Bump version	/home/travis/Arduino/hardware/MightyCore/avr/libraries/SPI/examples/BarometricPressureSensor/BarometricPressureSensor.ino	MightyCore:avr:32:pinout=sanguino,BOD=disabled,LTO=Os,clock=12MHz_external	1.8.5			1	false	0	0		0	
2021-02-19 23:41:42	186	186.36	https://travis-ci.org/MCUdude/MightyCore/jobs/759683784	push		false	master	2e988f959a80ddcc65c0105e0e89bf353052916b	640d21af5c6e...2e988f959a80	Bump version	/home/travis/Arduino/hardware/MightyCore/avr/libraries/SPI/examples/DigitalPotControl/DigitalPotControl.ino	MightyCore:avr:32:pinout=sanguino,BOD=disabled,LTO=Os,clock=12MHz_external	1.8.5			0	false	0	0		0	
2021-02-19 23:41:45	186	186.36	https://travis-ci.org/MCUdude/MightyCore/jobs/759683784	push		false	master	2e988f959a80ddcc65c0105e0e89bf353052916b	640d21af5c6e...2e988f959a80	Bump version	/home/travis/Arduino/hardware/MightyCore/avr/libraries/Wire/examples/i2c_scanner/i2c_scanner.ino	MightyCore:avr:32:pinout=sanguino,BOD=disabled,LTO=Os,clock=12MHz_external	1.8.5			0	false	0	0		0	
2021-02-19 23:41:48	186	186.36	https://travis-ci.org/MCUdude/MightyCore/jobs/759683784	push		false	master	2e988f959a80ddcc65c0105e0e89bf353052916b	640d21af5c6e...2e988f959a80	Bump version	/home/travis/Arduino/hardware/MightyCore/avr/libraries/Wire/examples/SFRRanger_reader/SFRRanger_reader.ino	MightyCore:avr:32:pinout=sanguino,BOD=disabled,LTO=Os,clock=12MHz_external	1.8.5			0	false	0	0		0	
2021-02-19 23:41:51	186	186.36	https://travis-ci.org/MCUdude/MightyCore/jobs/759683784	push		false	master	2e988f959a80ddcc65c0105e0e89bf353052916b	640d21af5c6e...2e988f959a80	Bump version	/home/travis/Arduino/hardware/MightyCore/avr/libraries/Wire/examples/master_writer/master_writer.ino	MightyCore:avr:32:pinout=sanguino,BOD=disabled,LTO=Os,clock=12MHz_external	1.8.5			0	false	0	0		0	
2021-02-19 23:41:55	186	186.36	https://travis-ci.org/MCUdude/MightyCore/jobs/759683784	push		false	master	2e988f959a80ddcc65c0105e0e89bf353052916b	640d21af5c6e...2e988f959a80	Bump version	/home/travis/Arduino/hardware/MightyCore/avr/libraries/Wire/examples/digital_potentiometer/digital_potentiometer.ino	MightyCore:avr:32:pinout=sanguino,BOD=disabled,LTO=Os,clock=12MHz_external	1.8.5			0	false	0	0		0	
2021-02-19 23:41:58	186	186.36	https://travis-ci.org/MCUdude/MightyCore/jobs/759683784	push		false	master	2e988f959a80ddcc65c0105e0e89bf353052916b	640d21af5c6e...2e988f959a80	Bump version	/home/travis/Arduino/hardware/MightyCore/avr/libraries/Wire/examples/slave_receiver/slave_receiver.ino	MightyCore:avr:32:pinout=sanguino,BOD=disabled,LTO=Os,clock=12MHz_external	1.8.5			0	false	0	0		0	
2021-02-19 23:42:01	186	186.36	https://travis-ci.org/MCUdude/MightyCore/jobs/759683784	push		false	master	2e988f959a80ddcc65c0105e0e89bf353052916b	640d21af5c6e...2e988f959a80	Bump version	/home/travis/Arduino/hardware/MightyCore/avr/libraries/Wire/examples/master_reader/master_reader.ino	MightyCore:avr:32:pinout=sanguino,BOD=disabled,LTO=Os,clock=12MHz_external	1.8.5			0	false	0	0		0	
2021-02-19 23:42:05	186	186.36	https://travis-ci.org/MCUdude/MightyCore/jobs/759683784	push		false	master	2e988f959a80ddcc65c0105e0e89bf353052916b	640d21af5c6e...2e988f959a80	Bump version	/home/travis/Arduino/hardware/MightyCore/avr/libraries/Wire/examples/slave_sender/slave_sender.ino	MightyCore:avr:32:pinout=sanguino,BOD=disabled,LTO=Os,clock=12MHz_external	1.8.5			0	false	0	0		0	
2021-02-19 23:42:10	186	186.36	https://travis-ci.org/MCUdude/MightyCore/jobs/759683784	push		false	master	2e988f959a80ddcc65c0105e0e89bf353052916b	640d21af5c6e...2e988f959a80	Bump version	/home/travis/Arduino/hardware/MightyCore/avr/libraries/AVR_examples/examples/Blink_using_Timer0/Blink_using_Timer0.ino	MightyCore:avr:32:pinout=sanguino,BOD=disabled,LTO=Os,clock=12MHz_external	1.8.13	212	2	0	false	0	0		0	
2021-02-19 23:42:13	186	186.36	https://travis-ci.org/MCUdude/MightyCore/jobs/759683784	push		false	master	2e988f959a80ddcc65c0105e0e89bf353052916b	640d21af5c6e...2e988f959a80	Bump version	/home/travis/Arduino/hardware/MightyCore/avr/libraries/AVR_examples/examples/Read_port_write_port/Read_port_write_port.ino	MightyCore:avr:32:pinout=sanguino,BOD=disabled,LTO=Os,clock=12MHz_external	1.8.13	124	0	0	false	0	0		0	
2021-02-19 23:42:16	186	186.36	https://travis-ci.org/MCUdude/MightyCore/jobs/759683784	push		false	master	2e988f959a80ddcc65c0105e0e89bf353052916b	640d21af5c6e...2e988f959a80	Bump version	/home/travis/Arduino/hardware/MightyCore/avr/libraries/AVR_examples/examples/Measure_period_length/Measure_period_length.ino	MightyCore:avr:32:pinout=sanguino,BOD=disabled,LTO=Os,clock=12MHz_external	1.8.13	1718	190	0	false	0	0		0	
2021-02-19 23:42:19	186	186.36	https://travis-ci.org/MCUdude/MightyCore/jobs/759683784	push		false	master	2e988f959a80ddcc65c0105e0e89bf353052916b	640d21af5c6e...2e988f959a80	Bump version	/home/travis/Arduino/hardware/MightyCore/avr/libraries/AVR_examples/examples/Watch_dog_timer/Watch_dog_timer.ino	MightyCore:avr:32:pinout=sanguino,BOD=disabled,LTO=Os,clock=12MHz_external	1.8.13	202	2	0	false	0	0		0	
2021-02-19 23:42:22	186	186.36	https://travis-ci.org/MCUdude/MightyCore/jobs/759683784	push		false	master	2e988f959a80ddcc65c0105e0e89bf353052916b	640d21af5c6e...2e988f959a80	Bump version	/home/travis/Arduino/hardware/MightyCore/avr/libraries/AVR_examples/examples/Blink/Blink.ino	MightyCore:avr:32:pinout=sanguino,BOD=disabled,LTO=Os,clock=12MHz_external	1.8.13	156	0	0	false	0	0		0	
2021-02-19 23:42:26	186	186.36	https://travis-ci.org/MCUdude/MightyCore/jobs/759683784	push		false	master	2e988f959a80ddcc65c0105e0e89bf353052916b	640d21af5c6e...2e988f959a80	Bump version	/home/travis/Arduino/hardware/MightyCore/avr/libraries/SD/examples/Datalogger/Datalogger.ino	MightyCore:avr:32:pinout=sanguino,BOD=disabled,LTO=Os,clock=12MHz_external	1.8.13	13644	930	0	false	0	0		0	
2021-02-19 23:42:30	186	186.36	https://travis-ci.org/MCUdude/MightyCore/jobs/759683784	push		false	master	2e988f959a80ddcc65c0105e0e89bf353052916b	640d21af5c6e...2e988f959a80	Bump version	/home/travis/Arduino/hardware/MightyCore/avr/libraries/SD/examples/CardInfo/CardInfo.ino	MightyCore:avr:32:pinout=sanguino,BOD=disabled,LTO=Os,clock=12MHz_external	1.8.13	11152	1349	0	false	0	0		0	
2021-02-19 23:42:34	186	186.36	https://travis-ci.org/MCUdude/MightyCore/jobs/759683784	push		false	master	2e988f959a80ddcc65c0105e0e89bf353052916b	640d21af5c6e...2e988f959a80	Bump version	/home/travis/Arduino/hardware/MightyCore/avr/libraries/SD/examples/ReadWrite/ReadWrite.ino	MightyCore:avr:32:pinout=sanguino,BOD=disabled,LTO=Os,clock=12MHz_external	1.8.13	12556	999	0	false	0	0		0	
2021-02-19 23:42:38	186	186.36	https://travis-ci.org/MCUdude/MightyCore/jobs/759683784	push		false	master	2e988f959a80ddcc65c0105e0e89bf353052916b	640d21af5c6e...2e988f959a80	Bump version	/home/travis/Arduino/hardware/MightyCore/avr/libraries/SD/examples/listfiles/listfiles.ino	MightyCore:avr:32:pinout=sanguino,BOD=disabled,LTO=Os,clock=12MHz_external	1.8.13	13374	935	0	false	0	0		0	
2021-02-19 23:42:42	186	186.36	https://travis-ci.org/MCUdude/MightyCore/jobs/759683784	push		false	master	2e988f959a80ddcc65c0105e0e89bf353052916b	640d21af5c6e...2e988f959a80	Bump version	/home/travis/Arduino/hardware/MightyCore/avr/libraries/SD/examples/DumpFile/DumpFile.ino	MightyCore:avr:32:pinout=sanguino,BOD=disabled,LTO=Os,clock=12MHz_external	1.8.13	12284	928	0	false	0	0		0	
2021-02-19 23:42:46	186	186.36	https://travis-ci.org/MCUdude/MightyCore/jobs/759683784	push		false	master	2e988f959a80ddcc65c0105e0e89bf353052916b	640d21af5c6e...2e988f959a80	Bump version	/home/travis/Arduino/hardware/MightyCore/avr/libraries/SD/examples/Files/Files.ino	MightyCore:avr:32:pinout=sanguino,BOD=disabled,LTO=Os,clock=12MHz_external	1.8.13	13230	1033	0	false	0	0		0	
2021-02-19 23:42:49	186	186.36	https://travis-ci.org/MCUdude/MightyCore/jobs/759683784	push		false	master	2e988f959a80ddcc65c0105e0e89bf353052916b	640d21af5c6e...2e988f959a80	Bump version	/home/travis/Arduino/hardware/MightyCore/avr/libraries/SoftwareSerial/examples/SoftwareSerialExample/SoftwareSerialExample.ino	MightyCore:avr:32:pinout=sanguino,BOD=disabled,LTO=Os,clock=12MHz_external	1.8.13	3790	338	0	false	0	0		0	
2021-02-19 23:42:52	186	186.36	https://travis-ci.org/MCUdude/MightyCore/jobs/759683784	push		false	master	2e988f959a80ddcc65c0105e0e89bf353052916b	640d21af5c6e...2e988f959a80	Bump version	/home/travis/Arduino/hardware/MightyCore/avr/libraries/SoftwareSerial/examples/TwoPortReceive/TwoPortReceive.ino	MightyCore:avr:32:pinout=sanguino,BOD=disabled,LTO=Os,clock=12MHz_external	1.8.13	3876	379	0	false	0	0		0	
2021-02-19 23:42:55	186	186.36	https://travis-ci.org/MCUdude/MightyCore/jobs/759683784	push		false	master	2e988f959a80ddcc65c0105e0e89bf353052916b	640d21af5c6e...2e988f959a80	Bump version	/home/travis/Arduino/hardware/MightyCore/avr/libraries/Servo/examples/Knob/Knob.ino	MightyCore:avr:32:pinout=sanguino,BOD=disabled,LTO=Os,clock=12MHz_external	1.8.13	2628	53	0	false	0	0		0	
2021-02-19 23:42:59	186	186.36	https://travis-ci.org/MCUdude/MightyCore/jobs/759683784	push		false	master	2e988f959a80ddcc65c0105e0e89bf353052916b	640d21af5c6e...2e988f959a80	Bump version	/home/travis/Arduino/hardware/MightyCore/avr/libraries/Servo/examples/Sweep/Sweep.ino	MightyCore:avr:32:pinout=sanguino,BOD=disabled,LTO=Os,clock=12MHz_external	1.8.13	2568	49	0	false	0	0		0	
2021-02-19 23:43:02	186	186.36	https://travis-ci.org/MCUdude/MightyCore/jobs/759683784	push		false	master	2e988f959a80ddcc65c0105e0e89bf353052916b	640d21af5c6e...2e988f959a80	Bump version	/home/travis/Arduino/hardware/MightyCore/avr/libraries/EEPROM/examples/eeprom_get/eeprom_get.ino	MightyCore:avr:32:pinout=sanguino,BOD=disabled,LTO=Os,clock=12MHz_external	1.8.13	3798	255	0	false	0	0		0	
2021-02-19 23:43:05	186	186.36	https://travis-ci.org/MCUdude/MightyCore/jobs/759683784	push		false	master	2e988f959a80ddcc65c0105e0e89bf353052916b	640d21af5c6e...2e988f959a80	Bump version	/home/travis/Arduino/hardware/MightyCore/avr/libraries/EEPROM/examples/eeprom_crc/eeprom_crc.ino	MightyCore:avr:32:pinout=sanguino,BOD=disabled,LTO=Os,clock=12MHz_external	1.8.13	2298	297	0	false	0	0		0	
2021-02-19 23:43:08	186	186.36	https://travis-ci.org/MCUdude/MightyCore/jobs/759683784	push		false	master	2e988f959a80ddcc65c0105e0e89bf353052916b	640d21af5c6e...2e988f959a80	Bump version	/home/travis/Arduino/hardware/MightyCore/avr/libraries/EEPROM/examples/eeprom_read/eeprom_read.ino	MightyCore:avr:32:pinout=sanguino,BOD=disabled,LTO=Os,clock=12MHz_external	1.8.13	2186	190	0	false	0	0		0	
2021-02-19 23:43:11	186	186.36	https://travis-ci.org/MCUdude/MightyCore/jobs/759683784	push		false	master	2e988f959a80ddcc65c0105e0e89bf353052916b	640d21af5c6e...2e988f959a80	Bump version	/home/travis/Arduino/hardware/MightyCore/avr/libraries/EEPROM/examples/eeprom_clear/eeprom_clear.ino	MightyCore:avr:32:pinout=sanguino,BOD=disabled,LTO=Os,clock=12MHz_external	1.8.13	668	6	0	false	0	0		0	
2021-02-19 23:43:15	186	186.36	https://travis-ci.org/MCUdude/MightyCore/jobs/759683784	push		false	master	2e988f959a80ddcc65c0105e0e89bf353052916b	640d21af5c6e...2e988f959a80	Bump version	/home/travis/Arduino/hardware/MightyCore/avr/libraries/EEPROM/examples/eeprom_write/eeprom_write.ino	MightyCore:avr:32:pinout=sanguino,BOD=disabled,LTO=Os,clock=12MHz_external	1.8.13	840	10	0	false	0	0		0	
2021-02-19 23:43:18	186	186.36	https://travis-ci.org/MCUdude/MightyCore/jobs/759683784	push		false	master	2e988f959a80ddcc65c0105e0e89bf353052916b	640d21af5c6e...2e988f959a80	Bump version	/home/travis/Arduino/hardware/MightyCore/avr/libraries/EEPROM/examples/eeprom_iteration/eeprom_iteration.ino	MightyCore:avr:32:pinout=sanguino,BOD=disabled,LTO=Os,clock=12MHz_external	1.8.13	560	6	0	false	0	0		0	
2021-02-19 23:43:21	186	186.36	https://travis-ci.org/MCUdude/MightyCore/jobs/759683784	push		false	master	2e988f959a80ddcc65c0105e0e89bf353052916b	640d21af5c6e...2e988f959a80	Bump version	/home/travis/Arduino/hardware/MightyCore/avr/libraries/EEPROM/examples/eeprom_update/eeprom_update.ino	MightyCore:avr:32:pinout=sanguino,BOD=disabled,LTO=Os,clock=12MHz_external	1.8.13	890	10	0	false	0	0		0	
2021-02-19 23:43:24	186	186.36	https://travis-ci.org/MCUdude/MightyCore/jobs/759683784	push		false	master	2e988f959a80ddcc65c0105e0e89bf353052916b	640d21af5c6e...2e988f959a80	Bump version	/home/travis/Arduino/hardware/MightyCore/avr/libraries/EEPROM/examples/eeprom_put/eeprom_put.ino	MightyCore:avr:32:pinout=sanguino,BOD=disabled,LTO=Os,clock=12MHz_external	1.8.13	1996	327	0	false	0	0		0	
2021-02-19 23:43:27	186	186.36	https://travis-ci.org/MCUdude/MightyCore/jobs/759683784	push		false	master	2e988f959a80ddcc65c0105e0e89bf353052916b	640d21af5c6e...2e988f959a80	Bump version	/home/travis/Arduino/hardware/MightyCore/avr/libraries/Optiboot_flasher/examples/SerialReadWrite/SerialReadWrite.ino	MightyCore:avr:32:pinout=sanguino,BOD=disabled,LTO=Os,clock=12MHz_external	1.8.13	6334	318	0	false	0	0		0	
2021-02-19 23:43:31	186	186.36	https://travis-ci.org/MCUdude/MightyCore/jobs/759683784	push		false	master	2e988f959a80ddcc65c0105e0e89bf353052916b	640d21af5c6e...2e988f959a80	Bump version	/home/travis/Arduino/hardware/MightyCore/avr/libraries/Timer/examples/Events/Events.ino	MightyCore:avr:32:pinout=sanguino,BOD=disabled,LTO=Os,clock=12MHz_external	1.8.13	3610	537	0	false	0	0		0	
2021-02-19 23:43:34	186	186.36	https://travis-ci.org/MCUdude/MightyCore/jobs/759683784	push		false	master	2e988f959a80ddcc65c0105e0e89bf353052916b	640d21af5c6e...2e988f959a80	Bump version	/home/travis/Arduino/hardware/MightyCore/avr/libraries/Timer/examples/Pin_high_10_minutes/Pin_high_10_minutes.ino	MightyCore:avr:32:pinout=sanguino,BOD=disabled,LTO=Os,clock=12MHz_external	1.8.13	1344	202	0	false	0	0		0	
2021-02-19 23:43:37	186	186.36	https://travis-ci.org/MCUdude/MightyCore/jobs/759683784	push		false	master	2e988f959a80ddcc65c0105e0e89bf353052916b	640d21af5c6e...2e988f959a80	Bump version	/home/travis/Arduino/hardware/MightyCore/avr/libraries/Timer/examples/Multitasking/Multitasking.ino	MightyCore:avr:32:pinout=sanguino,BOD=disabled,LTO=Os,clock=12MHz_external	1.8.13	3116	441	0	false	0	0		0	
2021-02-19 23:43:41	186	186.36	https://travis-ci.org/MCUdude/MightyCore/jobs/759683784	push		false	master	2e988f959a80ddcc65c0105e0e89bf353052916b	640d21af5c6e...2e988f959a80	Bump version	/home/travis/Arduino/hardware/MightyCore/avr/libraries/Timer/examples/TimerTest/TimerTest.ino	MightyCore:avr:32:pinout=sanguino,BOD=disabled,LTO=Os,clock=12MHz_external	1.8.13	1308	200	0	false	0	0		0	
2021-02-19 23:43:44	186	186.36	https://travis-ci.org/MCUdude/MightyCore/jobs/759683784	push		false	master	2e988f959a80ddcc65c0105e0e89bf353052916b	640d21af5c6e...2e988f959a80	Bump version	/home/travis/Arduino/hardware/MightyCore/avr/libraries/SPI/examples/BarometricPressureSensor/BarometricPressureSensor.ino	MightyCore:avr:32:pinout=sanguino,BOD=disabled,LTO=Os,clock=12MHz_external	1.8.13	6598	234	1	false	0	0		0	
2021-02-19 23:43:47	186	186.36	https://travis-ci.org/MCUdude/MightyCore/jobs/759683784	push		false	master	2e988f959a80ddcc65c0105e0e89bf353052916b	640d21af5c6e...2e988f959a80	Bump version	/home/travis/Arduino/hardware/MightyCore/avr/libraries/SPI/examples/DigitalPotControl/DigitalPotControl.ino	MightyCore:avr:32:pinout=sanguino,BOD=disabled,LTO=Os,clock=12MHz_external	1.8.13	1336	7	0	false	0	0		0	
2021-02-19 23:43:51	186	186.36	https://travis-ci.org/MCUdude/MightyCore/jobs/759683784	push		false	master	2e988f959a80ddcc65c0105e0e89bf353052916b	640d21af5c6e...2e988f959a80	Bump version	/home/travis/Arduino/hardware/MightyCore/avr/libraries/Wire/examples/i2c_scanner/i2c_scanner.ino	MightyCore:avr:32:pinout=sanguino,BOD=disabled,LTO=Os,clock=12MHz_external	1.8.13	4132	515	0	false	0	0		0	
2021-02-19 23:43:54	186	186.36	https://travis-ci.org/MCUdude/MightyCore/jobs/759683784	push		false	master	2e988f959a80ddcc65c0105e0e89bf353052916b	640d21af5c6e...2e988f959a80	Bump version	/home/travis/Arduino/hardware/MightyCore/avr/libraries/Wire/examples/SFRRanger_reader/SFRRanger_reader.ino	MightyCore:avr:32:pinout=sanguino,BOD=disabled,LTO=Os,clock=12MHz_external	1.8.13	4402	401	0	false	0	0		0	
2021-02-19 23:43:57	186	186.36	https://travis-ci.org/MCUdude/MightyCore/jobs/759683784	push		false	master	2e988f959a80ddcc65c0105e0e89bf353052916b	640d21af5c6e...2e988f959a80	Bump version	/home/travis/Arduino/hardware/MightyCore/avr/libraries/Wire/examples/master_writer/master_writer.ino	MightyCore:avr:32:pinout=sanguino,BOD=disabled,LTO=Os,clock=12MHz_external	1.8.13	2490	227	0	false	0	0		0	
2021-02-19 23:44:01	186	186.36	https://travis-ci.org/MCUdude/MightyCore/jobs/759683784	push		false	master	2e988f959a80ddcc65c0105e0e89bf353052916b	640d21af5c6e...2e988f959a80	Bump version	/home/travis/Arduino/hardware/MightyCore/avr/libraries/Wire/examples/digital_potentiometer/digital_potentiometer.ino	MightyCore:avr:32:pinout=sanguino,BOD=disabled,LTO=Os,clock=12MHz_external	1.8.13	2488	221	0	false	0	0		0	
2021-02-19 23:44:04	186	186.36	https://travis-ci.org/MCUdude/MightyCore/jobs/759683784	push		false	master	2e988f959a80ddcc65c0105e0e89bf353052916b	640d21af5c6e...2e988f959a80	Bump version	/home/travis/Arduino/hardware/MightyCore/avr/libraries/Wire/examples/slave_receiver/slave_receiver.ino	MightyCore:avr:32:pinout=sanguino,BOD=disabled,LTO=Os,clock=12MHz_external	1.8.13	3764	398	0	false	0	0		0	
2021-02-19 23:44:07	186	186.36	https://travis-ci.org/MCUdude/MightyCore/jobs/759683784	push		false	master	2e988f959a80ddcc65c0105e0e89bf353052916b	640d21af5c6e...2e988f959a80	Bump version	/home/travis/Arduino/hardware/MightyCore/avr/libraries/Wire/examples/master_reader/master_reader.ino	MightyCore:avr:32:pinout=sanguino,BOD=disabled,LTO=Os,clock=12MHz_external	1.8.13	3886	395	0	false	0	0		0	
2021-02-19 23:44:11	186	186.36	https://travis-ci.org/MCUdude/MightyCore/jobs/759683784	push		false	master	2e988f959a80ddcc65c0105e0e89bf353052916b	640d21af5c6e...2e988f959a80	Bump version	/home/travis/Arduino/hardware/MightyCore/avr/libraries/Wire/examples/slave_sender/slave_sender.ino	MightyCore:avr:32:pinout=sanguino,BOD=disabled,LTO=Os,clock=12MHz_external	1.8.13	2266	227	0	false	0	0		0	
